5987
1539
14639
26832
13278
5312
22399
5081
13303
9886
20263
14066
2601
2604
2623
2688
2956
13728
2013
2004
4063
3299
12734
6371
21707
20915
19430
3288
10809
14575
7128
2785
7368
24531
4931
4429
4964
17962
18558
2244
2654
1700
19461
2030
18456
7442
2589
1985
3875
4387
14203
3074
7748
1768
13111
7440
13523
10890
8937
16074
7903
21829
2538
6592
0
19135
1415
1492
1407
1431
1452
1492
1403
0
10109
3888
12469
4307
9203
12161
17650
1515
3929
13344
9099
18675
19315
5108
3755
10738
10160
11055
1927
1896
1902
1898
12570
2739
6305
18141
6855
20205
5619
1593
2679
13150
3508
5562
16472
2877
2884
16428
10201
8421
3505
2451
4328
8495
11679
14829
5407
19267
8612
14549
14724
33548
19359
10227
12965
16421
21192
8708
3336
3632
15138
1445
3031
3045
4673
7500
3368
0
14686
1698
17169
22633
3080
7678
9609
2107
5424
17770
3558
22888
5851
2133
16534
27529
5450
7450
14007
3040
0
2959
8629
14659
7393
3243
12810
11966
1737
9813
1386
15290
12713
10180
15149
3056
4420
4773
0
9258
1801
3537
2564
9609
18763
18711
1969
19089
2013
7769
3758
2345
2545
3872
5275
5038
11340
19641
1813
0
14157
2688
7903
6371
7133
1519
13005
3474
21042
20954
8302
11044
20389
11442
10191
9332
1207
6113
8168
6219
3483
2550
11391
6673
20454
9833
3553
20366
12302
23275
7468
9329
2182
14206
12870
1595
9762
13876
14252
0
9836
6029
6256
4646
5800
7651
8854
2651
1967
1957
8677
16052
16660
1732
27052
13499
7725
15083
1935
3373
7249
20424
3134
1743
1751
16976
1693
2662
8982
10963
5155
25819
2114
3399
3874
3618
11460
11606
3350
8832
4138
9124
23580
7620
1292
29072
17844
3253
10475
23035
0
1807
1800
4194
18465
2830
4127
20635
21052
7404
3370
3350
4790
0
22300
3078
3077
18857
19506
2164
8153
8004
22898
1344
6282
5053
6466
4693
4808
3805
7218
2391
2385
3424
2254
5339
5221
5217
5070
10139
12421
10026
1746
2267
8995
12959
8903
16033
2787
2799
12016
8773
10418
6733
4898
7697
11877
11419
19718
5095
3276
4174
4032
3769
7695
4002
4900
12752
4831
12680
7160
2242
3770
10758
9727
3484
2582
3644
1161
1493
0
0
8890
4820
22005
11182
10429
21267
2308
1374
6445
9141
15180
6126
1115
6685
27866
2109
3596
4068
4974
16586
1494
23885
1100
4847
2239
2273
2240
1681
2313
14004
6364
16791
3001
4014
4483
3734
4268
3928
5035
16904
5504
13271
30396
2381
11025
2622
1617
2308
16123
5217
6006
13808
7999
6720
8812
39671
2161
18920
3397
3914
5978
1945
24227
6259
4919
6065
21285
0
26238
27110
15139
13670
2904
35839
3657
3663
1083
1765
8176
3538
2737
2630
2634
2601
2613
2606
6465
15847
8097
2798
9289
15172
0
10726
11502
2312
5136
20383
22974
2589
10941
7713
4687
8126
4092
13604
14224
12819
5767
4939
12698
3736
11589
4714
7811
14987
11049
4050
18061
12602
25540
1206
3024
15001
11781
2801
3675
1096
0
1680
1685
1671
1678
2779
2579
16041
17557
18584
6707
6716
2342
15123
1908
16968
26246
15872
14922
9748
6798
9576
11868
1289
6727
8651
8069
1947
1903
6539
6226
6203
2727
5227
9046
12691
2721
3998
1796
2076
19504
19501
8213
19176
2212
15814
11358
23202
14907
2056
6427
1916
6371
0
2362
3722
10578
19364
5077
8509
3071
0
4548
4370
6609
7365
1058
4531
0
13111
7475
4019
14840
0
3573
1277
2043
2029
2070
10236
2106
4801
4804
3040
10186
3957
6800
14368
7496
2023
3022
2840
12352
17509
0
15900
19723
4429
3322
7385
7307
4263
1302
1497
5627
11090
1586
7645
13096
12282
22074
18021
4778
17660
6313
12365
18951
19596
12974
2951
3321
3601
2103
7567
11904
3847
11021
21291
3913
24589
3606
19806
3163
15036
4183
1958
5277
4354
2172
11236
16373
7910
2710
12402
10148
5866
7113
7110
17107
5056
18154
14793
1142
8511
11077
12415
1723
1432
6005
5526
5567
13399
11923
2630
14862
7012
0
7407
14499
6275
1281
9180
4958
7481
21866
2568
9169
5018
17983
16972
14082
8689
1494
1491
0
10671
4737
4736
2687
11366
6587
6431
1339
18720
20674
3486
20606
16354
4678
3807
17647
7979
28319
1731
7118
17537
2628
5724
3237
1324
2999
1670
3961
18245
3198
3176
7869
2474
5803
4939
5627
4030
1622
14358
3584
12602
12182
7320
22734
9686
1416
3613
7957
2255
14945
2750
3193
3298
5213
3410
6047
1776
1952
1918
11715
10798
4787
24301
2713
4405
0
12725
18087
19431
13794
25137
1112
10685
9259
1046
3441
6556
18129
3661
4111
10604
5739
20985
13864
22501
17432
23575
15186
2640
11946
2193
2402
2402
10883
2270
11755
20597
13035
16021
18886
11913
6155
29787
8766
11746
10067
1409
12781
8495
1105
1755
7237
15723
3466
19412
25079
3716
3707
3681
3269
12226
7120
1881
10168
20313
12851
9425
37056
6744
3008
17333
20236
3270
4594
9350
20413
16032
8482
11340
2256
10510
3596
3180
11419
6572
12280
5079
24668
10303
1400
1352
1318
1428
1404
1378
1376
1316
1390
3574
8523
1285
1671
14516
8934
1933
9957
3714
4081
15464
6779
22307
10449
10619
4069
2642
13318
14643
9114
3825
14381
18133
2259
9226
5217
18967
8653
2514
4954
7131
4113
4922
25694
0
9630
1317
1277
11631
5998
18397
10827
5021
12404
6391
17200
19157
5885
17204
8185
4743
14804
5138
2523
5355
8123
2588
1499
11946
16324
16682
2080
9916
19879
15430
10470
2815
17620
1687
13308
2865
14928
7837
19371
0
19827
2736
3653
3678
3766
3685
1223
1153
1222
1831
1222
1225
1225
1221
1224
1222
1223
7990
7044
24634
24574
21361
22133
14241
11328
10529
7792
2096
16125
0
7109
11258
24327
0
2679
10934
6682
3682
11431
11348
3811
9223
2710
12784
2163
20153
25509
10379
11030
6033
14989
12790
1513
1584
2849
20226
15574
23371
6227
7938
2734
20254
3559
13687
1299
8185
13794
21081
3406
3401
3848
7276
14064
1245
10201
5640
4100
16535
3804
4844
4856
5143
15445
9811
3318
2084
15461
6566
7786
5151
4499
4593
2810
3562
2476
12930
1799
2136
3152
3112
0
0
16389
14956
15596
13282
12929
12160
7173
3511
3284
4177
17511
1879
0
18135
4810
15219
14784
1083
1782
1785
1781
0
0
1629
1629
1632
6253
1632
3525
40196
4182
4285
9447
15803
7058
6952
2329
12425
12851
20424
10341
7202
15245
13414
8400
0
12373
5296
7215
2047
2020
16662
11611
5778
1966
8941
21724
11701
5475
9253
6321
10405
19526
10731
0
5067
7719
3394
2835
17085
13797
3233
5897
8913
2054
2060
2056
2061
9305
14856
2722
2746
20122
23497
3787
2871
9553
5278
3552
4993
2152
0
3797
12610
18523
21112
6109
20242
2335
9398
1828
1831
1826
1834
13225
2707
12993
6388
7154
16517
1864
15865
8372
3529
7396
1674
3744
5310
2770
3662
2564
2086
10433
3657
5852
8556
1336
1601
25160
10335
3114
3056
16875
3608
17204
11525
19617
1140
8024
2498
2287
11521
8423
12938
1424
9162
2508
4506
8815
8593
19993
16486
19266
12432
4734
4541
2485
8761
1308
7395
3068
17524
13888
8960
4226
8813
30711
3441
4119
6996
11070
18617
13335
16749
2385
13765
8040
7074
1376
12963
1106
19248
7189
4012
7832
22632
4326
1408
9357
8488
8603
9945
10801
22548
3448
2593
4354
11484
4783
12573
0
4749
4803
4564
5535
7348
22801
14148
1784
8474
1677
1760
1535
7520
7122
24469
9276
10545
22262
13048
20663
1540
6292
7307
20814
15585
8768
15094
9057
2962
2971
1992
2558
4464
7251
16216
1576
6130
5572
7511
16511
16789
6373
4283
10507
2651
14515
19646
4662
9077
4368
9600
4134
15548
17573
1048
9139
12766
2872
4703
7192
5089
15739
5718
8162
8518
31497
3836
17026
9793
15746
7578
7762
13626
3041
1298
1296
1290
1299
1285
1294
13649
7914
2562
2559
3070
23206
0
1002
6108
2608
26004
11986
15959
2028
5452
1372
1724
2023
13867
27696
24126
9016
2579
20003
19813
2796
5248
3380
1621
1913
17578
34973
16499
13709
11013
3560
19296
10048
6627
11916
17168
4199
1715
7721
11452
4007
8173
6790
20686
10964
10591
3166
8837
3409
14150
3450
9043
11006
5314
8586
15707
0
28371
1089
3172
13567
14044
3521
1766
1767
11275
20181
5399
15656
18521
18543
17673
23825
11930
18328
1464
20061
11568
1815
14006
15695
20261
5437
5112
5119
17205
16259
10415
2105
1606
0
9923
1333
8348
7780
7183
3339
12633
6059
15292
8401
17508
9880
12925
6410
13128
6268
9354
4826
1112
0
5137
8009
10786
11461
16881
0
16215
1594
3713
5587
15529
5127
32274
7505
3657
20386
12928
5280
17662
7501
16698
5085
15714
9904
9122
13085
3816
6459
6280
7384
3318
0
4487
0
9316
7434
8563
14682
11998
3577
1089
16976
12828
12063
4417
14593
13302
2764
4709
0
1485
1251
12577
7297
4444
12471
8177
0
20676
14010
14811
5249
11741
3767
7733
8378
12695
24815
5303
5986
6507
20118
11555
20038
12396
9280
4987
25879
4616
19117
9499
12078
19189
12325
16252
20303
19274
1436
15961
4895
13918
1052
4648
1741
2296
2241
2239
0
3717
2003
6951
12949
2376
3843
9336
2088
30121
16756
10234
17647
4511
12826
18557
3947
15176
3549
3395
3397
3381
8245
20051
11020
14071
6583
3885
13237
6766
1711
10677
13020
7853
21742
7731
3695
17890
14613
3641
8392
0
17217
15364
21335
1120
11337
20545
21225
19730
12636
0
1588
20414
2304
1754
14552
8535
1492
1495
1487
1489
1484
11765
1695
9766
1145
4753
8903
26058
3395
12423
11548
4716
7695
17242
9268
27607
2372
13330
15289
5776
6331
6309
1282
10557
9598
4309
1156
9128
16612
13422
10916
8265
1674
1634
1739
0
25070
19721
2740
21939
6723
4576
5136
16443
16484
15751
1910
7506
12331
3094
4399
4210
5113
22671
7425
4708
18482
1388
10480
14277
4766
0
3434
6661
23468
9152
12037
3065
3025
3030
1197
5379
2502
1852
10127
13042
16886
11843
3801
9614
4239
3640
5995
12200
8390
1362
19909
0
16518
1218
10002
12523
6694
4869
12865
4924
5031
11532
1950
4506
2922
13011
5726
8012
19268
8548
4440
11155
2339
8426
6174
9177
17372
9793
9487
3329
3885
19037
3016
4801
3481
2471
5814
6285
0
2913
2551
19141
12916
13481
18756
13126
6071
17541
9367
13478
11385
2922
12533
1063
6731
1985
8795
5988
11601
19586
10191
4190
3486
4728
0
10277
12023
17738
3109
18003
4176
8355
7004
3606
3807
8320
19390
10361
13920
2728
11875
13809
7226
12748
0
10235
5120
6043
6781
4514
21571
6107
10906
3829
8458
7530
0
20062
5486
8194
3141
1335
1342
21093
15087
11810
19512
19689
0
3911
14607
0
2292
2291
12926
1256
1249
1466
20001
0
15915
1084
3596
9004
16610
3822
8890
10778
9435
10416
3094
8390
25710
2559
18046
14585
2315
1987
10904
7707
18352
1153
17378
6273
10338
1613
1622
1662
26258
6184
1008
6367
8945
1099
9514
10378
13958
24493
2634
2630
2635
2644
17854
4125
0
8158
1649
26862
16347
8582
7890
2948
2269
19185
11411
6900
7162
2114
2107
5527
10644
25193
2015
1845
1852
1861
1851
1843
1839
1845
0
13034
8228
14218
6543
6053
16092
16903
3046
5641
9404
9349
7467
1554
18669
3266
3247
4216
7955
14944
10655
14135
11851
3706
4708
8250
4215
24882
3090
3168
8980
11799
7787
3092
5890
15155
22075
2287
2580
1382
2037
14755
3573
5605
18589
18821
8040
17223
3483
8423
10530
0
1094
1360
1460
1646
4677
2040
12817
5620
11914
9266
19689
5472
21839
4195
29432
4536
9751
9036
14799
4412
4599
1727
12996
21928
34317
4339
1644
17009
20321
14220
10862
14827
0
6598
10742
5863
4987
22645
15811
3782
7183
23858
2645
3515
3860
9609
3955
1521
1624
12616
2173
2208
7382
7334
1141
16687
1955
1947
1020
17328
8762
8123
4559
3546
4944
9630
3984
9071
2640
11072
14322
2616
0
2694
31453
10529
4126
2742
0
4177
16089
2283
3283
14042
6232
9299
3039
2612
10132
7813
2249
1765
1866
1776
1165
16697
2467
4566
1381
0
32405
6949
13713
12410
4491
18561
9046
10193
10590
18121
6032
9521
12389
17401
0
18241
17076
20541
2814
23489
2427
8721
2524
7139
10354
7191
6500
12024
5624
3586
2593
10321
3624
15532
0
0
2515
4219
6909
1354
1604
0
1483
0
8849
0
6920
18117
10309
5175
22256
4942
14941
9885
2032
9159
14275
2244
19635
19886
10818
11949
15009
3011
9559
2360
20055
2305
6430
8981
9604
13907
12335
5687
0
0
3564
3033
7999
5609
17485
12848
17284
9608
6022
6518
4657
2005
1433
2120
1998
1999
1998
3676
11933
3810
1323
2749
4624
6967
15543
6367
12573
5483
30783
14302
5237
7825
8962
3046
11316
8522
15070
6450
2616
7012
2710
2714
2709
2707
2704
1164
13926
17927
0
9369
24254
11405
2462
2462
1202
2572
26606
3782
4168
8799
4242
7457
8556
16482
3724
32459
1571
15405
9958
15068
15377
13434
4403
10913
1581
2166
13969
1495
20284
1650
5930
13288
15637
14053
7409
3122
5761
4899
15753
5300
4675
16836
16725
4512
2974
2243
8959
6759
6260
7221
4415
18809
8158
7645
4767
3539
3232
18906
10533
4032
1594
1596
13366
5972
20281
7377
15245
3887
1146
1121
1142
1140
1107
1093
1164
2022
6057
2219
1117
17662
7707
2521
5910
1756
9002
10428
1426
19639
3995
3982
9554
8198
4332
21509
1693
9235
14833
7377
2058
9352
9643
5577
6730
5156
6928
7765
2081
2085
2080
20238
9218
7273
2687
3319
5913
7731
16675
17266
22168
3779
11159
15761
8585
6391
11855
7188
14863
26416
17730
6090
13341
0
12671
14437
7388
2468
3884
1765
9734
8199
4518
0
3467
3404
2605
9581
13777
16097
21674
8900
10604
13837
1897
8286
5158
20119
18128
4151
12689
8582
3873
7499
16993
8495
9265
1181
6907
5606
13393
4268
7561
8439
14309
23298
2726
15826
18622
0
9023
6693
10986
5087
18131
1525
4363
3736
11263
10804
4518
4396
1681
15361
7796
14698
13626
14497
25441
6101
18509
1862
2603
0
4209
1598
13752
2596
16250
4339
18200
21903
12437
10009
9202
28775
9715
4043
2156
15294
0
1863
1855
1862
13926
21973
10353
23319
2683
0
6691
17546
5684
13789
35794
3322
4360
4323
7677
3905
1098
2207
1352
2886
19275
21917
17010
10836
1050
8706
1996
1918
6068
14061
2397
6548
11070
25009
6975
17265
5761
1352
13228
31982
20440
16594
17497
3885
26467
15833
3534
7132
14519
20664
0
11134
1672
12179
1581
3390
14999
7367
2609
9395
8200
2400
2521
11062
7664
1999
19972
11851
11656
2075
3177
4088
15738
24466
2422
13204
2535
0
4464
19068
4306
9573
1596
15589
5646
11132
5881
19859
5813
15939
20123
17868
11363
1131
10526
0
13637
2921
6279
5484
6342
3264
13315
7774
15184
10674
2380
1309
6600
20959
5183
1751
5310
6978
9132
2764
17829
5977
23828
9065
3616
26076
7612
2092
2093
2088
2096
12297
17396
15857
4759
14025
4565
13528
9534
9078
11556
1552
1176
1193
23019
8698
11580
4557
3982
1201
1764
3778
3477
5914
10063
2970
3068
7288
14584
8032
8818
2751
4276
8719
9817
19552
15323
1994
3743
11731
2716
0
11416
9720
15352
3717
3717
3722
8051
2432
2422
2421
2421
1418
17800
3758
9473
23701
10243
18377
14429
17069
9606
1107
2060
2567
2444
9351
10555
2739
20787
24901
8621
30281
5028
18383
7599
5069
13594
2340
13255
9952
15352
3562
0
2309
19217
5913
4995
13335
7571
20378
14984
4762
8356
5358
8244
0
6076
18595
1466
0
0
0
0
3238
4970
7498
2855
7717
0
5589
10478
14110
1409
1370
1386
1380
1406
13349
14896
3238
5652
10234
3633
12427
14059
2883
9650
8835
17316
31984
9833
2798
15592
4176
21666
9168
3723
2271
2318
3093
2132
20043
6108
5931
33772
1659
8737
3832
1253
1253
1249
1259
1240
7809
10370
4920
9985
14584
13751
7112
7524
10690
7539
7147
2015
12406
8538
17609
36862
7627
4088
18313
8786
13234
13839
18459
7380
8303
5243
2329
2319
1961
8138
11975
3189
16388
5500
8052
4320
10123
5202
10935
2061
2027
2056
16799
4725
16324
2278
3219
17628
6172
3210
11820
19231
21253
2244
17800
16066
6385
8914
2854
17647
9771
19113
5338
19685
15965
1806
16331
4175
4658
16590
2065
3183
36349
9325
9864
16682
11793
21017
16573
0
13348
8998
4334
11598
13583
2624
1576
12661
22156
5587
15918
8790
1899
20239
8611
4408
3160
11286
6632
7266
3766
3746
9685
11624
5493
1536
1781
1807
1779
3245
8203
12946
22737
2721
11784
11070
10368
6131
13708
5557
0
0
18190
10169
5435
5390
10024
3935
3924
4629
7448
24694
3156
2630
16214
12103
4697
9855
9506
1717
18640
31353
19504
2737
21237
11833
8850
12003
9542
4525
15982
7930
28752
15515
2277
32717
5922
10341
3359
3082
2010
9875
2035
13362
16656
7434
0
17578
6791
16587
8851
0
3815
1326
1461
1455
1457
1457
11994
3938
12582
13803
8026
11819
13072
9572
3892
12579
17109
7876
4456
7822
2317
6124
14117
28415
13189
23213
8144
12113
2803
14081
6698
14708
2038
15760
6668
17605
8870
11136
4297
1104
18253
12462
35095
0
8209
3584
14989
3415
7301
24992
27399
1093
13157
10466
5782
10270
10194
24112
16738
8604
7838
10438
1773
0
1637
4936
4925
4015
3219
3827
8727
1858
1861
1864
3447
6602
6642
15231
19639
3176
26461
17353
16682
5087
22499
29656
28954
22385
2377
9273
17867
3055
19634
3319
14314
12824
15643
16306
11895
3835
1980
11046
6019
16355
2627
5479
13329
3083
9055
1224
17496
11846
3001
10505
16887
8040
7181
0
3360
8989
36317
11643
7984
22281
14669
11002
11006
15393
13840
6361
7168
3104
2092
19497
5824
14072
8895
19311
6765
16773
21702
11611
2358
4135
7527
2407
2323
4664
19653
13242
10817
7954
18902
1872
2680
8106
7336
7740
5863
0
3684
2005
3352
7570
9523
20964
3611
3570
1921
20289
23342
6196
6346
7687
2061
2082
0
22805
20198
20706
3683
4540
2043
18933
9585
7856
10938
9649
10472
10507
2153
19051
5360
20181
13778
21581
34077
12988
5756
9199
11335
10963
20256
4732
8612
1444
15801
11788
3915
8990
13753
12136
15506
6949
9522
14571
9732
8083
16265
4409
0
14255
18169
6367
5617
0
13665
21371
2210
20211
7783
10699
21276
13922
2861
14288
23431
7640
3122
3128
14894
17837
3570
7345
11306
16155
11190
12044
7567
8086
11517
1442
18428
6255
18200
6354
3174
8412
3668
0
2964
1341
7170
2066
14778
13777
6592
19945
4558
2445
4120
3261
20393
7172
18469
18373
2655
0
3273
17636
5471
11915
4213
2073
8101
18625
4723
2555
20409
24597
4401
13513
2937
6344
24963
7875
1923
6021
4052
9476
1057
19338
21989
6043
18354
11022
16807
6433
10431
18228
4923
3467
4372
5872
19084
1188
11731
13673
12672
14174
11638
20554
2543
20928
7494
4008
23982
19802
17428
26985
11702
5107
12170
20064
11001
6050
16997
22326
18507
2939
3055
3023
14227
10134
10542
16252
10600
16789
5495
2243
14098
2914
2900
2316
20796
6585
11813
4497
9247
2987
0
9456
7573
6435
5090
8611
4165
12681
0
1205
15035
9385
12435
22416
16645
15462
2853
2921
15867
13958
3344
1716
11123
16588
9000
7093
18753
6245
10411
12518
9841
7042
9546
4116
5797
8621
0
18226
18626
8589
7381
9690
9156
7629
9232
2249
1408
1404
1402
1409
1403
1405
13639
11959
4776
15905
2527
25004
14740
5563
6860
21222
8011
13022
4661
11593
1647
2213
12384
11280
12761
2916
2857
15978
13332
5400
4541
19425
6424
6335
19305
1937
2643
19956
7718
8845
9285
16523
11445
10083
13503
12213
10519
5181
1993
1988
1987
2827
6892
6367
2918
2664
16144
12311
3025
5887
7720
1735
10004
4058
16340
1420
5721
22895
2698
4415
0
2475
2468
2463
2470
2466
3372
2807
1559
18757
2997
21958
12903
3662
4493
8350
6510
6948
19501
3668
2161
8430
12258
5547
0
10178
17931
3014
3308
3244
3250
3275
9574
9515
16031
8210
5208
5846
14733
19838
11733
3249
17361
8127
3787
14256
4480
5371
2604
10652
14449
9813
22695
3473
3622
17214
1089
2271
15337
22828
7113
13237
1680
5731
9385
6555
3454
6200
0
1895
4754
0
2037
16690
15117
2476
12562
13450
21072
10037
8402
19513
5129
8054
9537
19550
8213
2912
5063
20822
10181
10770
11714
18966
9037
12484
7771
12462
4777
28553
0
12523
9339
17815
15165
4731
7271
1132
16516
6860
15088
6496
12376
13371
14620
10599
1259
0
7780
3601
25872
10393
5699
6106
4899
9837
0
7194
5131
4787
5193
6817
15893
20965
2328
1961
1968
1959
5189
9771
3535
10277
1140
9570
10029
28158
6520
1399
6862
1163
8079
6036
2147
7338
11629
15839
9830
7137
19575
19254
8747
21463
1663
15118
3353
16430
8913
16911
7328
6908
14550
2593
5659
15647
6753
20645
1656
0
9181
11690
5530
15297
25132
6440
13510
2727
9259
11394
4210
3410
0
3548
4314
17027
12642
3736
3730
3718
13104
10385
4155
10930
4872
2850
18648
5509
6394
14591
1503
7575
15965
12133
2150
9962
21692
0
0
2201
2139
13710
18526
6831
19514
12044
12303
1874
2281
2286
13183
10869
7638
7283
4555
3081
0
0
3637
11237
2746
12993
19040
12767
6185
5200
18124
4908
1973
3897
8131
10891
3337
10880
6704
6848
5425
1153
17676
1839
5346
0
9239
16924
6685
12828
17919
11554
17562
13165
2729
9429
4621
11026
1722
1086
5276
1847
1667
10357
7093
11786
3054
16682
3377
20529
5451
16788
14861
21517
12284
3815
4716
3693
1822
2905
2829
3176
4491
21201
4456
19813
6695
4125
20848
8827
6387
19891
12697
6767
10398
8496
3127
9377
6803
14494
13334
4281
1134
27396
14634
5636
6682
3641
5108
5586
7895
7684
3158
9034
1780
8523
8843
16945
3808
3278
11688
23960
5312
12063
15220
6987
20174
1761
2046
19819
7795
18382
12178
16069
10659
1667
4828
10055
2006
7622
2724
2712
2703
19483
2339
8639
2776
2660
2641
2646
12044
3022
0
7423
12024
7726
10028
8491
14300
22429
13876
7191
19777
1666
1658
1638
1698
15956
3487
8749
1465
1455
17765
1602
10942
10880
1167
10521
6139
14367
7544
27201
7478
2879
10151
3344
19306
9545
8439
11174
10463
8135
18776
4250
2793
2802
2792
11550
8321
8047
13652
7403
27859
14547
4452
1055
19386
0
0
2210
9935
3074
12041
6536
2918
5324
9317
17140
14379
2032
1081
22379
10890
9961
12645
15458
5357
6959
0
2876
7437
20253
5111
26728
4322
5527
2063
3194
9661
7667
12167
11207
0
0
5419
6841
6009
12515
1894
1897
5325
11252
16261
23887
4581
17584
2398
14049
10323
15333
10588
9773
9473
1755
7227
16190
12758
10311
21766
12828
10882
7241
12246
14432
24804
6449
16525
1225
18450
3929
10633
19145
21314
14950
0
3863
2656
4700
15219
4181
0
12583
0
9206
0
7354
14014
11607
4805
6152
11617
1573
3266
15840
2942
19006
16166
19209
6345
2445
2444
2223
15371
10062
2925
0
3251
15400
3814
1286
6936
1437
16242
1961
3034
3207
1036
8120
1998
22364
19297
1501
9173
18689
2749
3008
15036
11219
9731
13957
2844
10055
8278
7245
2420
2343
2343
6494
19972
4458
2827
15316
11625
10952
10113
6512
16370
16814
6080
11035
22179
2158
0
9949
1561
3804
13156
3348
13299
0
18427
2805
8832
3722
25000
8279
16875
2057
2058
2054
4010
9644
3581
8663
1314
1302
1307
1309
1700
9726
2433
7649
17407
1046
12578
12336
1534
4968
11024
1507
6661
10672
4886
15276
4089
3791
3826
1441
8422
2915
11707
4438
8888
19370
3912
13630
1656
3978
7204
9420
19528
13047
3575
18046
6916
6945
7728
19276
19229
1306
13582
20947
2935
2726
5725
2145
2634
1188
15333
5072
0
3978
14634
13909
19476
2316
16118
2513
2894
16875
0
8006
11859
13867
9071
2413
2685
8518
7476
16000
14503
16815
7293
2094
2801
26215
3315
3678
3996
1498
10656
11372
12724
16832
17468
11026
17799
11918
21083
2683
10457
11250
12084
12746
16288
4815
2233
8414
7121
21268
17310
11518
1622
4551
17403
10093
6825
3686
11687
4429
2980
15086
17803
11359
22040
19993
7792
21046
3806
2359
2369
5319
9896
11084
0
6470
0
18201
2991
12048
7706
20150
6478
4320
4535
18888
2614
5282
3713
3254
2027
20701
18568
11046
17694
1482
2720
22427
22461
12120
11791
1517
1487
1517
1507
1494
1501
1511
2670
13505
1089
11373
10666
2458
1468
24970
6945
13159
7278
16394
12838
13499
4156
4150
5828
10672
11973
22295
16110
12317
3295
7091
15336
1001
6902
3084
36016
6460
1131
1036
1033
1888
1947
4480
3611
3504
2443
9151
1735
8370
11493
3029
3057
3024
3018
4757
3986
15530
7689
6599
7354
3871
4391
13532
13740
1636
19179
3365
2295
2227
15356
28580
22516
17108
10443
8394
0
10037
14876
9827
4385
6654
3990
10803
2459
20397
1363
6498
12849
6927
1744
10704
2961
7723
18982
3883
13416
9792
3690
8123
4008
14006
2604
20230
29859
15198
13023
4728
6356
0
1809
18429
14267
12652
8966
4686
4041
8743
6246
3601
1014
6680
4172
12896
12312
17257
21132
2274
17437
7238
8769
11254
2707
14495
4466
4936
2263
2608
12296
5703
12649
15603
3831
10753
3926
10351
7697
6504
10000
14913
15292
0
7672
13897
1426
13908
5697
5661
5477
15061
2770
5092
5083
7035
14131
8457
16202
3202
7771
9836
12039
6917
3733
4004
6238
7589
7569
7794
18660
15872
12904
1542
10056
10748
15882
10950
18979
12242
5816
5141
5114
1854
1768
7557
7679
0
2753
0
1728
1728
1726
1725
1727
27438
9640
16567
8325
9538
4438
23217
4974
3103
3348
8620
5436
1767
1322
7873
1929
15671
16055
2460
2461
2433
0
1185
1173
16838
4129
9159
4330
1189
7806
4800
17474
0
13894
11641
2703
1209
3215
2564
2578
2823
3132
3411
2556
2607
2736
2563
2464
4960
9389
5606
15310
23463
10790
8948
12163
8037
15326
2581
3816
6303
1345
8073
6393
9772
2511
2326
2438
2421
12712
6661
12692
21483
18062
19653
2960
6471
22003
7211
12426
2662
2460
2462
2465
1474
2352
21905
6484
21208
7691
7072
2866
8972
4527
8951
0
4410
8542
19321
14101
4773
16762
16675
12793
17192
9057
2615
10647
4449
3390
3822
2560
9888
4508
4871
10109
9675
7931
25868
12918
16830
23409
5508
19756
5682
24319
1123
3143
2179
3727
15913
6114
15770
8916
5925
11401
11186
5096
10557
10950
5053
12611
20750
2953
2090
13744
3510
22911
3497
0
1164
10076
9186
7913
5103
19005
19016
3640
0
4859
20918
8500
8679
2544
25789
2812
6124
3761
2898
2874
2892
5093
11843
21027
12718
9610
20183
1465
4010
4617
2873
20916
5155
19649
6938
4389
14609
32589
17708
21934
2114
10802
10658
12348
8258
4876
1701
6138
14121
7224
16344
4146
1857
1422
22281
15182
1901
1967
10877
7939
10406
6852
3271
1456
10392
6651
7151
1581
3190
2083
16720
10536
6702
6878
21811
1597
4940
16319
15706
9008
14991
2697
26835
26170
24057
6774
20962
4070
1949
1956
2259
15357
1601
5980
18466
2672
28025
4652
6568
1657
15030
23512
20989
2072
6393
1730
6116
10703
8820
20706
4220
3994
9611
25541
6029
0
15737
6294
14621
1449
5821
9007
17365
6590
2957
7295
11302
11008
4245
12537
2270
3667
7541
21718
10306
4578
27794
1483
12381
4844
11464
7305
5014
3701
3362
20752
3656
2603
1623
2700
8324
11467
16178
17431
17703
7507
7827
11820
14699
2913
1819
1823
1840
2772
6904
7743
11910
18126
18818
17249
3189
2140
4131
13087
2032
20178
7075
15463
9441
8454
6029
3038
3922
16013
13729
11968
6743
15493
7509
5389
14533
17125
4671
22238
15927
4068
0
18898
2337
0
1381
1387
1383
1381
1381
1379
1377
10995
30854
2828
12265
16651
14089
5874
3136
11930
1601
4127
3282
4482
11332
7996
18578
6789
19461
5666
4912
2994
4510
21741
13679
0
5115
6443
8627
12528
8969
2834
3490
7408
1798
1736
21016
13340
17447
2575
2206
17499
15932
6577
5169
8171
1161
4949
17040
20560
4794
7996
7887
7882
16887
1428
4436
4858
12450
6454
17963
5243
3792
14549
14862
5329
2387
3805
16963
19109
1684
1682
1552
1559
32918
7696
19881
6782
12410
21462
2360
4805
3995
20435
9113
8720
3757
3435
17251
8184
6685
4882
2319
17301
7948
12301
1529
25019
0
3087
2911
1379
4110
8187
2619
12945
1788
12832
13823
8340
20934
20980
16189
6234
9790
20522
9219
14672
1770
1738
4205
8640
5124
15119
9388
17391
14336
10984
4226
21672
14639
15167
6273
11993
8286
3319
3308
17545
5188
4138
2571
1941
1507
2994
18975
10051
0
17440
11850
25237
1332
0
11578
3736
15170
3230
2000
1513
4188
14775
5998
1064
19173
8810
2549
13605
10809
10672
8195
4044
3221
9764
6980
5206
13039
23002
23281
12304
3124
16768
18509
4777
1143
8343
10724
3699
8058
15086
1482
1280
1236
4454
4673
9176
9315
6218
12795
6250
6489
0
4886
3635
9690
6943
9277
2130
5337
0
12304
1848
3316
4663
1713
4728
4916
6362
20313
14671
13793
7445
18811
5716
11490
11603
3941
3926
7994
7159
1845
1846
11693
14776
17159
5558
10549
8973
8993
8401
3444
2891
18270
6284
18847
3160
1816
2423
15198
2723
1368
10270
12981
0
7944
22270
1909
10676
5815
4525
23271
3912
17566
2264
11043
3345
1206
1423
14927
10419
8427
15310
3434
1864
21676
11684
3290
7433
10848
2456
8333
10961
2972
16998
7259
3013
1791
1830
1803
1801
3565
7845
17635
6187
4273
7239
5949
2678
16060
3734
5075
1135
3868
28349
9853
2241
2645
11663
4869
7986
12801
22393
9028
12089
2078
2915
3959
18920
11474
3538
7259
6939
7620
2877
3709
6606
7728
13255
20956
7912
3534
19071
8299
7567
5375
4512
6265
1071
1096
1073
1066
1066
6440
1296
1297
1281
12966
1927
12445
20901
3417
6781
1771
6796
9220
1731
18539
8083
1267
9678
3901
6730
7481
16762
5248
15102
18728
2021
7663
23854
5576
11759
3754
12897
2851
3049
3015
3000
13108
8473
3659
12211
16407
6731
0
1915
12288
5817
14593
15797
7805
2284
4994
3326
0
7652
6345
7839
4228
3481
19578
1195
5460
3342
0
9309
2595
5660
13947
3033
3024
3023
3265
7176
6889
9530
2184
2192
2174
10068
1443
1931
1761
11271
9966
11760
13526
9408
5521
19516
7273
7311
18264
11366
25263
11299
2096
4492
2990
13807
4380
16110
13355
10399
8947
4673
8574
4119
13858
11003
3163
3162
7309
9950
9260
6543
21319
6481
7746
7076
2370
1903
1923
19301
13078
2029
2023
2029
2032
1420
15737
13754
6784
2354
3879
6515
9682
4979
10087
8396
7928
12751
1532
19558
3698
13967
3531
5592
2578
2545
0
2344
2348
2571
21992
25710
13813
10202
10964
4257
8416
11541
18782
6047
18830
1986
1983
1985
1982
2789
15352
14222
17369
1734
10511
4968
1301
1180
3434
10142
3912
1056
3916
6916
12932
13071
2337
5666
6435
9707
17881
7202
7714
8572
4272
10275
12207
4500
9629
7521
14679
4504
9754
4900
11903
22694
11385
35223
10073
11678
6048
2046
19844
19236
7717
2657
9949
6942
2692
5230
1359
6954
15484
6602
11769
2209
5596
9757
4283
9955
3462
18204
9868
5453
8550
1927
2871
2575
15011
9025
11842
4663
7831
7032
16295
3096
15885
16451
17995
2135
2140
1561
1717
2727
2190
2197
2176
2171
2362
5683
2445
15272
4634
6274
7294
2983
13994
11114
3488
0
6366
13192
3672
2850
22160
8967
4111
5674
8216
5971
3497
3482
6266
10144
7514
2894
1491
7311
2314
7929
27281
2887
1233
15108
9451
3549
9079
1050
7178
3361
13177
25788
3300
5082
19803
2584
15169
14238
14063
17857
6875
14826
24298
14343
16543
21910
11032
7787
13250
10888
8588
14047
19133
2820
6896
0
14359
9787
10354
1663
2528
5669
1726
0
8476
15133
7419
21513
4414
4160
0
18790
7067
5205
3182
15289
5906
8350
3601
17942
20735
2073
15046
12330
7496
2672
6342
2387
9927
18859
8627
15178
19652
3212
17288
21942
16880
9826
8555
17828
7681
10908
12050
2015
2807
14558
6717
11811
0
0
11201
1838
1863
12371
12714
18567
20512
8546
17417
15772
7679
3376
8602
6306
11958
14992
10556
2321
14305
22360
8191
8458
7887
9114
3262
6600
19543
2533
5320
4530
17263
2665
7181
2982
4439
6757
24106
14946
3996
2727
2720
0
2260
2363
2321
10531
9531
2490
20495
2885
11567
10201
2200
2194
2237
13057
9518
15858
13620
1514
1550
1363
22641
1631
2655
2657
14839
4138
29089
22511
1220
1602
10981
0
1187
10217
2274
2268
2272
1859
5684
21172
9487
3386
18720
11579
8431
10390
4300
27104
10947
4297
18701
2314
2302
2302
16176
16424
13187
2691
3765
1254
17466
17274
11022
20557
7790
4915
7160
17644
2695
18192
1712
9870
5592
12282
2370
2224
2141
6688
7385
5893
12385
6257
19438
6442
17949
9119
20664
2807
2775
2860
2785
0
4842
14067
7219
1204
1729
14126
6768
11763
1277
11578
1200
7534
13582
11473
1726
14303
3848
7626
4642
11832
2146
7742
3287
16649
2771
2769
2758
2755
14678
7067
7256
2162
2415
2398
1906
7649
2255
2262
3647
1849
8464
5699
1599
8378
18165
14457
1499
5155
11718
19688
20252
18754
13539
9246
14116
14421
2554
16179
9643
24516
8497
14587
4069
4087
1364
8891
5139
3451
21115
7242
19894
9040
19334
5586
2825
17355
19147
6845
1255
1254
1259
2838
1614
14603
25633
2983
27054
8221
21451
3627
10004
18889
25000
9339
10871
6809
9828
4552
11994
5072
4611
0
7428
0
10218
1595
1458
10865
8243
1588
15284
9048
3672
2933
4388
13233
14988
10720
2601
17956
17277
15903
26831
15718
0
14327
7036
11574
4659
6861
25104
6710
14250
2408
0
3645
13471
2620
1447
4703
12007
4789
9776
19203
6924
7109
23950
12358
20463
1320
8311
3939
5061
18743
2749
16522
2130
2333
9308
6282
5451
16156
6053
14990
16043
7727
4441
6733
5945
16395
5183
18182
19735
13517
11731
17482
14477
17669
12202
2067
1257
9163
16743
7039
1633
17896
15903
1425
1300
13742
8419
7337
2277
1885
12184
6597
1253
1250
1264
1263
1238
2698
8147
19672
10931
7213
21532
1154
1151
1154
1151
1152
16955
1968
3236
7601
6352
4321
2965
2956
34500
5112
4586
2407
12020
3978
6061
19628
13305
1071
8049
6216
6857
12169
8633
13269
13480
4166
1721
1738
1717
1733
3842
2488
11137
11175
1127
3776
19875
5896
11229
16938
6351
5655
10480
1980
12568
5612
12360
18169
10116
3214
20608
9561
11075
8768
16893
14277
4808
3176
4765
5777
9084
8566
15960
24238
2987
6010
3328
7806
2665
2651
2244
1701
7509
5292
1659
8865
11909
20345
10995
9805
8012
2951
13522
4133
11209
3982
22871
5834
11484
0
16412
10475
0
0
7320
10420
18522
6379
4983
8933
1778
2527
19726
17161
3177
1355
10555
1057
10148
15002
11108
7176
1502
10719
23986
1867
1863
1866
1882
8654
20742
14985
13330
20768
15095
4196
0
7810
4653
16733
12461
2797
13231
16072
18883
0
4568
3730
14076
4352
3018
6588
26378
13721
8474
4900
6576
2009
3018
1688
0
17259
19462
15493
4609
21280
11191
29233
6545
8202
15065
15546
5202
5025
7388
3407
6864
4125
5399
17828
15598
3657
5023
7373
1506
6885
5450
6123
7014
4258
16082
14266
10013
4236
6542
3765
20079
8198
20559
4182
3039
3031
3053
14805
6485
5718
21993
29760
16752
17667
20305
8496
1824
2496
3721
4750
7156
16076
9073
17288
11533
1781
2147
11046
1329
1327
2315
8830
13193
0
8446
14485
10875
3057
9942
8617
8428
17754
3920
8040
19429
10434
7897
26287
5628
3555
8323
0
25942
14714
2400
1467
9503
21120
2057
20010
0
12699
1606
16126
7876
15362
9010
6336
0
13793
15035
1966
17476
4629
4811
1928
6590
4527
1307
0
16279
12979
3667
6457
11061
10680
6861
17990
11947
20808
1331
6106
9156
11162
9235
9803
9963
2884
2540
13785
17027
1382
1377
1383
6795
15254
4553
5019
2225
19011
3183
10522
10837
1116
6978
13198
3030
3030
10597
6310
22835
12292
12460
0
14240
3931
4701
3036
1331
1331
2025
3113
18403
1476
1474
1466
1473
1466
11702
6232
3432
8272
19403
14772
15042
14686
0
21286
5867
3411
14231
16446
7110
5016
3707
1195
2495
0
6770
9936
4317
7618
1967
1910
9031
10690
0
9538
11990
12483
9413
15318
20449
0
17755
11238
11710
12709
9886
5782
18369
17150
13028
2772
1598
1604
1595
10375
19632
9937
6436
3451
0
11397
21334
1352
11851
1446
11162
1021
14446
7686
6795
8417
3466
11550
10541
8822
21534
6079
14190
3889
11651
1657
1437
17652
2269
19338
13157
19280
17420
2886
2901
5770
2829
1856
14237
2856
2849
2844
1038
0
8822
13605
7051
2409
20922
13237
4481
11156
9680
15849
4166
8938
9202
20398
3475
20724
1099
3674
3934
7627
10040
21340
12355
22290
10850
2764
22325
9179
9752
16273
7584
2235
13038
0
22666
11483
39751
16729
28439
3653
3397
0
12999
17879
12029
5843
11928
21638
1141
1231
1147
1128
0
0
0
6990
5428
8867
5837
4066
0
5646
0
10761
16064
1988
17701
5840
6042
5956
15067
8728
10498
13232
4838
10613
17771
5788
15893
2419
3625
3774
12381
3509
1803
9452
12986
5352
21552
7587
2671
7675
17386
2176
2857
10964
17213
8497
6562
1804
1570
4997
4744
9454
2938
9895
4283
2271
23456
16721
15005
7410
0
6688
2792
18741
15430
12443
17681
3705
5497
2878
4000
10807
10170
6400
3069
8559
15327
12459
1784
2385
21462
6238
5715
8347
11427
14274
2458
2283
5879
14230
2484
16485
1372
1284
1279
1796
11319
8096
5448
6405
21767
9065
9048
1461
5474
5724
3974
3795
20754
2958
5895
11735
3016
15509
13590
11789
3256
11609
7416
2742
16880
3970
14314
18795
13957
14212
14494
13054
5959
5456
11884
25894
18030
18867
8535
14218
4136
18512
5477
4754
9451
0
1923
34781
