3438
11567
25403
12752
1845
21929
4453
12764
9470
15331
13808
1352
2285
2217
1945
13352
2010
1992
1902
3204
11868
2762
3019
20471
16196
1051
10162
14300
4140
2508
6022
24078
4677
11498
18184
1660
2370
10678
7483
1818
2419
13000
7053
9531
6475
10488
6679
4683
12638
7654
6236
17878
1022
1078
1252
8535
3513
2054
9836
8848
11983
8362
17492
18660
4057
3947
10005
1130
1892
1536
7499
17808
3686
19908
3967
1136
4934
3380
11721
2583
2819
15039
9840
7960
2893
2412
4249
10314
9163
3335
12030
1723
14456
14285
9688
4016
11006
4110
11747
8242
2349
3383
14955
2756
1478
2965
3111
10920
16474
16670
2616
6598
5284
2005
1255
5362
22601
5193
14542
14147
6360
13912
2720
2761
5662
7624
6801
3014
6540
5647
9728
1341
9163
8704
12402
3269
4640
1540
1178
17846
18509
3382
1941
3578
2878
1827
3733
1780
6360
16863
13312
7879
4328
4841
4552
20605
20760
7470
2774
6566
8819
1002
5876
6766
4585
3294
11126
3337
8655
18049
11711
1697
4925
9567
1609
6757
13651
14127
3718
4187
6253
4220
5216
7017
2143
2128
1326
1735
5417
6806
13672
1466
22908
13400
7653
14684
3140
2295
20246
1876
1693
1647
16127
1685
2447
2855
8299
1773
22910
1157
6954
7481
2075
1948
3564
7208
6180
7607
28645
8826
2148
4298
15253
1735
1861
12972
2774
20113
7345
2678
16342
2228
2350
14327
16281
2146
8050
3659
4725
2821
4995
4398
3280
5324
1891
2084
1738
4682
4508
4754
2203
10083
10796
10014
8280
5843
7243
12434
3460
8187
3647
4625
4607
7471
11256
7166
3943
1766
1420
6389
2754
4802
8494
4738
12581
7086
3655
3471
1661
2508
1571
4725
21691
5721
9222
13158
2290
6360
10634
5957
6614
25733
1918
3849
4689
6465
1310
18282
4471
1792
1628
13073
5025
15503
2670
3730
1115
3747
4635
4217
5488
10459
29155
1120
1859
5482
2424
11482
4877
6422
19924
1385
12832
1277
5642
1703
19374
6052
4234
16596
13075
26317
15096
13509
2879
6476
2628
2621
2503
2545
2280
2316
6002
15073
6427
4481
12723
11068
2005
3302
16779
18755
2287
10190
7140
4477
4165
9234
3859
2364
3434
4633
5890
2169
4064
4173
4184
13561
1230
15532
12297
15850
1038
2683
11535
1967
1177
1586
1532
1556
1349
9156
16878
17403
1843
4615
7737
9535
25369
14601
14473
6362
6485
11729
3870
6448
7620
1882
1168
3279
5786
3472
4649
4240
8227
1337
1578
11551
19374
7677
18698
7797
9845
17985
14245
2912
1602
4360
1921
9011
11502
4370
4213
2369
3769
4175
6245
2861
3463
12560
6736
3558
1947
2023
1813
4898
1901
4390
4803
8136
1916
2048
3507
6838
2643
2830
4210
13311
4591
1891
2965
5510
5000
2350
10981
1160
12888
11598
18424
17804
3944
14272
6000
9363
18767
18788
5280
1340
7431
3645
8951
19858
1848
23862
3129
18206
14659
3147
1684
2687
2135
10391
15712
7731
5659
9646
5727
6943
4512
4829
3856
10036
12903
2385
5765
12103
1276
1218
5799
5420
4421
11547
14482
3526
7016
13998
6287
6310
21436
2078
4369
2309
7159
6490
13398
1489
1304
8422
4705
3287
1547
5874
5896
6076
12488
20233
3136
20181
16144
3894
2617
16824
1787
2609
16605
1228
1237
1875
16157
3148
2320
7296
3576
2466
4191
4009
7840
3033
4695
11948
7295
18345
1132
7882
5320
1952
2430
3147
5649
6462
10203
4304
18623
2264
3641
12269
4096
19106
7678
19935
8619
1866
5275
17857
1909
10437
5505
2250
4821
5373
17030
23039
2036
2548
2308
10421
10629
9671
13010
14880
8174
1603
13208
7960
11734
1762
1091
1931
1342
6986
15344
3136
8127
24670
1672
10148
6947
9593
13584
8266
6280
2457
12180
1445
4440
18747
7902
7942
3907
1796
9980
2317
6435
6319
8864
4925
17691
10231
1147
14233
3027
1799
9206
2869
3899
14923
6144
17739
10440
10550
1897
11707
14168
8767
1740
14062
2091
3406
4649
18575
7466
10001
8752
10766
17985
5625
4719
8373
15851
18198
5864
16537
7439
14476
5069
2750
5783
1241
11895
15624
16622
1566
9789
19162
15283
4333
2756
17539
12363
7469
7272
13322
18112
1834
3019
3339
2183
1222
1147
1221
1020
1171
1185
1216
1220
1223
1220
1172
2850
2558
19948
21910
7149
20893
11322
7485
2002
16003
6543
3742
23736
10708
5944
1767
11258
4693
3595
8991
10863
1419
19986
12921
9433
5121
5176
14912
10464
11009
22438
3542
7811
15954
1835
13101
6914
12882
20657
3232
3171
2083
6854
13616
9768
5493
2431
14626
3681
3008
4685
4721
9529
3106
11608
1543
6316
3474
4181
3005
2609
1555
2211
1011
1637
2225
2989
16032
14683
15301
13219
10208
9775
2543
1802
4116
10380
15094
15165
11373
1770
1733
1022
1584
1629
3481
4024
1151
7081
15737
6649
6946
3818
12839
14698
8820
6913
13027
13199
7543
5958
3799
5787
1503
16313
11062
4791
1711
8635
16665
4314
4941
5954
8620
18103
6076
7350
3134
1987
12787
3137
5638
2050
2049
2011
6997
5956
2713
1241
15793
21148
2985
8312
4302
2595
1350
3615
12999
19691
20226
9294
1731
1703
1716
1643
12842
1737
4549
2042
6482
16154
15739
7944
3464
5993
1469
4640
1276
3406
2116
5532
1752
5019
1572
19951
1516
2885
2552
13294
3562
8094
10668
19391
1138
4037
1855
2239
10949
6610
5832
2840
1972
3303
5262
8086
19115
16117
16441
6534
1927
1414
8428
7204
2404
16627
12709
8789
28667
3269
3776
1327
10645
17656
13041
12193
1286
12892
1892
6734
1364
12840
8872
7047
1844
6956
10194
3183
4468
4943
8282
9657
3705
22034
1249
2517
2559
11368
2712
12542
2263
2383
4553
6181
5183
8572
1773
7968
1021
1484
6722
23728
4198
1973
12419
17054
6090
4393
14798
8672
14341
4881
2719
2531
1887
3406
7856
1440
3714
2244
2090
4444
16584
3946
3836
10407
2033
11138
17372
3726
8770
3178
9684
11252
10740
2497
1348
4599
15108
5327
6167
6994
8432
9482
15054
7509
7748
6672
1260
1244
1114
1244
1223
1283
13574
2561
2550
2579
22664
5357
2124
25509
11221
15809
4623
1357
1721
6799
20733
23507
10634
18539
1862
2246
2946
1546
17365
32106
8732
13663
2095
19285
4226
11779
16691
1747
4863
9942
3782
7797
6622
19320
5844
7307
3300
13283
3237
6824
10916
4793
8249
3031
18732
3150
12614
5008
2183
1551
1481
11021
15219
5018
15611
14438
18268
17647
23019
11774
15731
15395
8034
1352
10126
19686
5361
5035
2305
16829
6452
1186
2082
5443
8098
3671
2256
2491
5743
6268
6220
15756
12879
4922
9346
3647
7889
10430
11318
16819
1984
1582
5055
14318
2166
2680
9671
7851
5051
15565
16280
4000
4368
9894
8964
8705
1273
5950
7288
7357
8328
8019
3664
3061
16311
8221
4375
13892
8828
4596
1356
9118
3222
6929
7633
10558
12699
7049
5137
5844
1473
7325
12195
16825
2296
5830
6168
19470
4872
11997
4713
25354
4437
18714
4243
10229
13746
12177
8709
19186
6430
12556
3411
2110
2139
2149
3650
1997
6344
11635
1303
3841
7354
15877
2460
17278
4430
11278
16027
2836
12368
2277
2585
1737
2658
5607
18255
10910
4299
6590
5643
5640
2428
21262
3132
1028
8646
12981
8083
16771
8895
20686
20909
19290
18575
1126
7371
1455
1453
1379
1472
10245
6257
4718
5606
10276
2503
10257
10893
4651
7040
4525
6463
26195
9848
14695
5618
6120
5655
10166
4071
1097
9039
9830
8707
1355
1565
17430
9591
2350
20766
5816
3581
6839
16118
15408
1051
2789
6763
2507
4131
2379
4404
20267
4824
4317
17844
1281
9405
5210
1499
1570
21772
7437
1768
2982
2790
2728
5051
7363
2129
15615
10821
3305
9206
4064
2743
5989
3704
1180
17534
14917
6090
4643
11204
3813
3371
11178
1601
3082
1072
3510
15383
8036
3302
4673
2739
5650
5138
16694
3356
8829
18751
4421
5563
2541
11323
5229
18631
13116
5822
14995
7033
12597
3501
6676
1216
3935
1943
11344
18580
9406
2197
2964
2842
17015
17716
3800
7930
6275
3626
7355
12499
10111
13601
10711
13053
5486
12061
4630
1727
1980
4322
4911
3636
4857
7142
11095
5485
8028
2939
1104
1105
14623
2417
2260
15380
14490
2255
2256
12906
18816
9488
1967
6146
5146
9303
10180
3087
8020
17898
13342
2738
7204
17911
1138
11981
10095
1612
1493
23922
8888
8484
3665
13912
23442
2584
2355
2601
1654
11635
1267
1392
24969
15585
5141
7803
2121
9997
4357
1788
1912
3014
10194
24678
1999
1791
1845
1812
1837
1786
1829
1800
7263
10539
3619
13350
5273
9391
9203
7465
1551
10908
2884
1948
3353
13028
5926
7287
10161
2527
8152
23993
3084
6198
6433
7406
2379
6024
13955
1355
2284
1961
14119
2498
2770
16183
7494
6849
15682
10347
1715
7659
1276
7433
2251
19492
2219
29198
3116
3365
7602
12358
4344
2180
12509
11573
3237
1034
16995
19719
9878
1813
4583
1490
4976
5753
1446
6614
15497
3321
4663
23771
1416
5919
2014
1265
1213
7213
7021
12994
1802
1899
11613
7732
4488
1332
3529
1185
5034
7369
11011
6215
2438
2079
18559
6380
2614
15882
4561
1864
2795
9349
2343
1630
1582
1677
1011
15685
4490
4922
13539
10765
17725
5648
3440
8164
8897
5239
7675
12166
13149
15044
16751
18540
1927
20258
2333
8698
7126
5135
7018
6201
7315
5252
3346
1105
10217
1258
5034
2906
6494
4087
5153
6511
3408
3824
18172
3804
1262
9635
5165
5417
18621
7036
6179
9659
2961
6448
2287
5662
2017
8971
8269
13831
2916
6441
5603
15015
5406
14911
5839
2506
1988
1115
1971
1979
1791
3555
9688
3738
1305
6230
15537
1113
12365
5143
22937
10951
4604
4124
3024
4803
8253
8876
6072
1955
2707
2698
2672
2638
2630
3599
11214
8476
4885
8261
2375
2345
26212
1137
8184
4109
1804
8420
15688
14366
5475
2666
6389
7869
2234
10810
13807
20104
2831
11647
15287
11288
5494
3013
5477
2621
6210
5095
4665
15526
15335
1031
1274
4105
3509
6070
4607
1068
18599
6265
1408
3156
3225
17857
9742
3965
1583
1577
3920
5599
6896
2756
14273
2221
16913
7583
1014
4810
1753
8638
18137
3437
1358
7503
7231
21113
4005
14786
6992
1277
8967
7591
3930
6354
5100
1091
2078
2006
1866
20030
9144
7181
2086
7512
16658
2520
18685
2354
10974
15182
4654
6229
11394
6985
14288
24934
6558
5928
12373
11636
14385
1738
1144
3512
1553
9323
4203
2583
3285
3395
1674
3023
1372
16013
20704
8371
11426
2611
4237
17814
11966
3988
6051
8574
3810
5541
11684
8139
6273
3809
9348
3690
6519
8176
11795
23142
15734
9551
1956
6266
1357
17296
1437
4089
10279
4467
12060
3208
3311
9432
9041
21245
18379
1394
2449
4003
1665
15084
3321
13508
21608
12291
9950
1613
7793
4014
13399
1804
1854
6563
3504
2101
11367
5666
13047
2890
7484
1340
1599
16569
21611
4272
5988
1114
6054
3734
5021
24696
4952
14134
3222
12559
12951
14402
2052
1698
26242
15748
1297
6546
13852
5330
11540
1543
2006
12036
4932
1791
5460
4471
2391
2085
10869
3891
16732
11811
7052
1940
3170
2604
15172
23009
1001
9418
3891
16790
1544
3719
15287
5538
10832
5268
18648
1689
15416
16488
16289
4190
8937
2440
3047
2774
3189
1142
15099
8019
2029
1137
6534
20291
4580
5162
4086
4195
2709
3173
5966
23056
8966
2662
2006
2008
2022
1170
12280
15581
13254
4172
12990
3055
11391
9571
8220
3321
2955
1425
2107
2588
4942
9245
2608
2888
4698
5953
7850
6536
1574
4079
8618
4678
18442
14535
2739
10126
11146
8038
3702
3436
3711
3393
1357
2355
1225
1151
14341
3542
3916
22568
10180
2045
16813
9285
1847
2566
1324
9298
4537
2034
20461
5019
17926
6044
4288
13452
1002
13071
6002
7554
3052
1021
11138
2752
4774
7380
11862
8737
4465
5463
2683
4966
4274
4635
7436
2557
7189
3490
13608
1323
1077
1147
14377
5331
4961
1202
4261
8395
1072
8628
8431
10890
7447
2688
14205
4171
21356
8434
2345
9741
2793
4643
18299
8731
3113
1093
1073
1045
1172
1082
3517
2867
4490
9774
8123
13364
7107
10617
7370
6316
7576
7888
11122
26198
7613
1246
1588
3000
17629
6505
6942
1502
2290
2318
3871
6490
4605
8880
5068
10553
1850
1543
6696
4532
16103
1705
15871
5662
3092
16645
20853
2014
17434
3710
6233
8159
1682
17428
6426
18528
15168
1573
4122
1879
2034
1375
4924
4756
15683
11015
18022
7594
8315
4289
11037
12508
1209
11763
13926
1962
11232
2045
20060
2401
1394
3159
11034
1859
1954
3500
3685
5230
1352
1459
1407
1757
1778
2511
7762
7018
2713
10848
7838
9202
5810
13698
2595
8137
5257
5375
9030
3741
3921
2595
5844
24591
2719
2248
15431
10143
1753
9371
1313
13471
30846
12328
1949
20960
4411
1931
5078
9314
3958
6277
6934
13633
14907
1317
8175
10025
2584
1984
5715
12970
2343
17320
15719
5918
1062
1283
1345
1261
1399
12366
11959
7321
4343
11698
4401
3174
1152
14815
7814
4275
7800
1591
5856
13953
12534
12684
21758
3000
2802
12229
2326
15168
17402
8714
10250
17927
12455
4257
2287
3496
9206
3398
1590
21674
5185
12905
10038
3438
9441
23004
16642
6507
4850
9016
1343
4610
4744
3911
3063
2858
1776
1854
1472
1039
6195
14753
19278
3086
8731
16427
5072
10069
15110
28608
2021
8408
17706
1853
15231
3778
10336
3210
7156
11834
3634
4704
2480
5383
13191
2823
1023
16963
4521
2845
7605
14753
2635
3926
8970
2120
7333
21731
5047
10357
11002
2761
2600
3074
1281
16191
3556
13827
8874
19226
6678
10873
14218
10688
1560
7339
1821
1533
19435
13112
10711
5662
3632
1307
2358
1649
6707
5436
5007
3520
1832
3268
9435
6542
21054
6039
4717
6360
2007
22734
20147
15405
9255
4448
8859
9176
10333
6388
1373
14604
5144
19702
13308
20923
8941
11694
2826
8923
3834
8456
17529
1163
2501
9665
3857
2834
9573
11416
15140
5577
8169
4849
7504
3325
4400
5487
17816
5093
13289
9932
1782
2705
3218
20720
6753
13781
23108
7209
2815
3123
13611
4493
3435
6005
15454
10550
4834
7548
11098
9029
3312
17494
5814
1590
2575
2924
1336
4313
12117
9895
19770
4362
3484
2623
13977
12870
12237
2575
7923
5059
10488
3388
5980
16465
3030
1650
19983
1971
4213
13502
3701
2116
3693
1564
5862
5988
9224
18846
5744
2080
10965
9806
5416
10411
17631
4783
2582
1724
5762
17519
11488
12533
13828
7350
20288
2541
1906
2473
2525
1008
8844
16373
10877
2012
5552
18002
9218
15799
22152
17971
2870
2469
1526
12162
9697
10414
14344
5266
1833
1864
2780
2102
12872
6014
5154
3717
4662
9201
1001
5806
4663
2169
1212
10325
1565
7529
11994
21341
13527
9943
1619
1229
14859
13156
2789
8146
8960
4589
4358
4097
5027
7737
1484
8696
3295
3726
8148
16851
18397
1571
8349
9098
3436
4313
1324
1353
1301
1031
4107
6688
3517
15062
14778
7832
1095
6845
11097
1058
8085
1227
4370
6296
11018
8322
1147
13152
13324
5221
2995
16060
4899
1409
2020
14594
7563
7979
8758
16332
4438
7888
11745
6185
3973
1992
1909
1871
1836
6289
6307
14128
11823
1150
9942
1327
5664
6639
2461
2443
2146
2225
2722
2072
8203
2888
19524
4120
8205
6363
6629
15369
8271
9494
5350
4197
2118
3180
2783
2571
9545
7338
1732
3706
17458
6237
2478
4669
1003
10402
14104
9332
22100
2483
3003
16222
15294
8248
6866
1053
5388
9103
3322
1174
1322
3327
16616
14970
4898
16708
7345
8317
4193
4935
4138
18303
7513
1532
4779
13429
9829
8224
13203
6657
5476
6398
11919
4607
9146
5120
15738
14991
4692
7066
16356
15079
1495
2080
14488
5763
7536
3454
24731
8341
5244
6104
1929
8605
4696
4649
2917
6463
15626
1954
2288
1547
1725
1064
10175
9560
6112
5407
3216
4828
5874
1850
5670
11525
15137
5944
2815
17936
17573
3335
15677
14948
2789
12771
8745
16885
7178
3789
14541
2027
5013
13524
4521
2384
8448
2474
4866
2705
4319
4960
3865
2276
3272
4096
10815
12210
3644
3702
3638
12825
10194
3571
10287
1331
1844
2120
1838
14368
7940
1273
6285
2022
12797
14424
19420
8174
1698
2014
1904
6912
6151
4742
2153
1711
11199
2572
12949
9286
12624
4696
1858
17167
1898
6988
10584
3577
3264
2182
17360
1783
1373
3970
15655
2292
17740
11267
8751
1766
7583
1004
6551
4990
1470
1704
6753
2008
15114
1317
15249
4963
8601
9714
21318
9531
1450
3680
3082
1443
2399
3120
3498
9821
2124
19445
6456
1474
19600
8560
15200
12174
6619
7748
2567
4566
14360
13092
4079
26640
14510
5528
3881
5090
5439
2465
1462
8694
2118
7753
16666
3757
2175
10452
20073
5230
12666
3586
18116
1079
7448
2023
14875
7473
10438
1422
4273
9982
1745
7610
2256
2237
2319
15475
7135
2105
2504
2566
8272
2102
6984
9971
7644
9316
7389
12320
22088
6365
6387
1290
1453
1530
9097
3055
4585
1120
2093
10749
6301
5759
6677
5976
18169
6557
9665
3079
16599
8013
10741
10235
1996
12710
3616
1257
2661
11401
2811
4960
13518
3772
25910
14160
4436
12801
8775
2760
10616
3970
1278
4314
9118
1553
14186
2030
1080
19487
10575
9319
5670
13120
3407
2800
6720
20058
1103
18124
4253
5511
1898
3047
9610
2749
11019
9605
4630
6494
5310
11956
1662
5316
4908
15021
23757
3899
9673
14020
5420
15043
8862
3066
8715
1748
6643
8170
6236
20181
1133
10010
1481
4327
2166
2870
6371
14424
9042
18832
21214
12920
3564
2965
11469
3777
11276
7214
6692
10607
4055
9502
1194
1562
15837
1890
9944
14835
18922
3581
2374
2038
2047
14600
9781
2876
6415
2997
13731
2958
2752
3364
21513
1065
3920
2679
14015
10076
9443
12922
1598
5210
4396
7238
2053
2335
2241
1532
13277
4442
2768
13027
11313
2857
3141
6378
15779
9706
5830
7650
8762
4191
1254
12802
8854
18117
2499
3617
24652
4634
4332
1990
2044
1172
8705
2189
1226
1225
8505
6924
13448
5483
3731
2691
3680
1543
7065
4376
14613
3878
1377
1440
10934
4002
7098
19015
3192
11907
1608
3302
7146
7507
17708
12958
8282
2961
19128
18102
1170
12854
1164
2553
2285
3849
1815
2360
1016
15220
1333
1284
12612
13149
19258
6865
1957
16771
11377
3791
6185
2620
1248
3667
15940
1871
13195
6699
1311
1810
25817
3309
3593
1492
1123
10949
9484
14527
16972
10799
17386
11585
20539
4551
10901
7746
1650
16202
4767
7383
4120
21008
15777
1392
1694
6462
6932
3648
1711
14713
2941
11045
21281
19989
2083
5505
2151
1996
2128
4858
8355
8208
3257
4580
2838
11992
1935
20086
6428
3281
18337
2898
1975
20438
10628
10719
1212
1994
15759
22298
9063
11241
1476
1071
1457
1417
1481
1363
1496
2209
9359
10126
1686
13251
6707
10968
6294
15782
12535
13254
2926
2067
5239
10566
14442
14007
5156
1939
5404
13308
6089
2666
34709
1119
2165
1870
2427
1687
8321
11404
2941
2394
2946
1386
4041
7765
3158
4874
6560
2826
4215
4974
1452
16181
2343
1924
1212
13356
3759
19200
17058
9221
6238
5631
12178
8006
6608
3275
7955
1480
11974
6026
10872
6108
7794
2947
15526
3861
13241
9786
7866
9619
1802
19546
29265
14305
6316
4356
6149
14150
12259
11391
4672
4534
3381
8541
6245
3282
6175
10924
11177
8589
16721
4659
3371
4262
3355
2895
1140
10008
2996
12381
15037
3293
10494
3574
7890
7648
5517
9606
12679
13373
5670
13769
2007
3550
2374
3059
14840
1911
3760
4408
4381
13932
2123
13384
3190
5327
7676
5905
3571
1708
3772
7351
7143
10255
7584
11583
3201
7754
12723
6056
18467
7974
1715
2376
5014
4804
2258
1678
1716
1720
1550
10626
8882
16370
8243
1832
4211
18220
2541
3282
5262
5186
1146
12688
9021
2414
2455
2372
11144
2857
6059
4618
16828
12952
11573
2368
2530
1874
1980
3622
8100
3349
6785
11580
8943
3220
7960
15114
3131
6187
1000
2013
1997
11081
6270
10614
21289
16387
3384
21843
3766
2447
2450
2451
1473
21621
20928
2561
6881
7276
4772
4030
8379
18956
5881
3643
13016
15038
12464
15161
7954
1751
2312
3132
8665
3681
1536
9564
9406
7302
25386
7653
11799
22634
4093
18830
5628
1006
2764
1950
4530
5783
10937
3050
8980
10533
4483
7020
20168
2273
8689
2735
22155
9348
9180
7151
18094
11375
1858
10231
8155
3060
1281
25506
3683
3754
1395
2987
15903
4522
9467
20135
3367
2866
20804
1937
19033
5767
14388
16278
21761
1190
10571
7565
9523
4532
3248
3548
13599
2552
13104
1840
1160
1418
11368
6728
1466
9103
7438
9865
6547
3232
8279
4787
6272
15744
9981
1825
1136
14015
1272
3011
14930
15296
7536
12513
2369
25575
11510
15130
6272
14874
4062
1783
12778
17567
1931
27825
4489
5141
23164
20966
2046
1938
1062
5452
7269
3785
18935
4205
3905
2720
23531
3873
5361
7333
1135
8846
17298
7277
3941
8258
5042
1256
3317
6079
20797
7021
2353
15508
8093
3841
11420
6975
2039
3681
3361
20443
2535
5902
6445
17089
16920
3167
7820
11169
2333
1762
1813
1651
3057
2485
11335
4899
18694
15185
1894
12997
15328
15258
8766
4894
5467
2687
3324
15280
13484
10714
6742
5167
5312
9409
13653
3935
11048
4021
17173
2157
1369
1377
1377
1103
1126
10879
25808
12227
13423
13893
3686
1083
1541
1038
3917
2515
7277
17928
2457
14030
5421
1700
2956
14663
5712
4070
2687
5631
12300
8843
7079
20498
13317
17071
15855
6565
4971
7990
4697
9612
20069
4777
4176
2857
1250
3859
1797
12405
1871
17823
4304
1961
14379
14745
4856
1614
1665
11779
18352
1483
1356
1230
32076
6772
5438
4880
12057
19233
2281
3399
3849
20283
9103
8704
17197
6570
7316
5267
12266
3864
7842
2411
5083
12004
7510
8052
14396
11285
3228
9530
13126
3676
14625
1467
6268
2589
8914
9081
17315
2683
19825
13272
15100
2886
3169
3163
5577
5178
1183
1670
1468
2837
18828
10046
14346
9952
5167
14440
2842
1083
1670
4619
4094
11874
2705
13289
10032
5595
5716
2983
2974
1360
4366
12377
10889
22242
11363
16687
18330
8289
10562
3048
2729
14301
1077
1422
2695
6061
10081
2995
1854
4867
2452
4989
6361
8490
5093
4072
4812
6352
19479
12812
11790
2264
6467
5168
9373
2093
4337
5449
1840
1695
3797
13466
5985
4713
6247
8929
2207
6982
1582
18131
5438
17676
3014
14818
5346
4102
11294
1587
4629
1227
22762
3608
12239
11004
3020
1094
14792
10386
7753
2075
3313
1776
12066
11204
5912
2198
2377
9622
2761
2624
1776
1377
1476
1595
3441
3245
17469
3891
6842
3309
2581
15827
2778
3578
1722
11493
4097
12196
7170
4686
7518
1459
3201
18514
4163
5693
3756
7212
1906
4848
5581
11253
16975
2534
2057
17981
6340
4902
5986
1069
1064
6121
1132
1253
11759
11751
12218
3661
6783
6021
17566
7556
9400
2530
6665
6675
4299
4304
15193
1179
4216
5221
7374
1076
11026
1430
1249
1416
1245
1135
6786
11333
16268
12226
13852
15624
1963
2037
4570
7141
1627
6077
3207
1531
19554
5196
2563
9033
1243
6731
2955
2973
2530
5011
6302
2771
1966
2110
2027
8780
1145
8182
2866
9726
9655
9356
1986
19222
7035
7152
16953
25045
2086
4414
13724
1043
15153
10183
10339
8681
2831
8554
3559
13376
9796
2893
3077
2564
9783
5117
3194
5337
3893
6920
15098
12932
1978
2019
2018
2022
1365
15226
8276
5905
3230
4029
3219
9129
4297
5332
7014
19185
1590
13740
2737
2442
2073
2025
6858
5994
8961
3154
3617
4338
3630
4644
10723
1978
1973
1965
1398
4610
14061
16611
10121
1288
9903
3911
2663
6780
9270
12975
2499
5528
5284
13300
3073
4659
3728
4212
9535
7070
4497
8377
4736
11988
2378
9017
2223
5964
10993
8892
20427
9829
11568
19599
18438
7596
9937
6599
2332
1351
1023
6779
11293
5703
11696
2921
3516
7810
17060
7320
5380
1787
2762
14895
3950
1226
5491
2361
15180
15878
16093
13332
2018
2062
1151
1507
2371
1902
1522
1871
2113
4152
2396
8128
4376
7120
1491
11156
4689
3188
6221
12947
1346
17833
8827
1821
5596
1034
1085
6172
5154
6363
1635
1340
2614
1313
7727
13444
2735
1118
9181
3455
4607
7163
25555
1661
4436
18889
2276
6506
6433
13970
17348
6411
12100
3546
8483
9404
21504
10749
6760
8472
7217
13519
6882
5283
5286
10179
5661
8408
12904
21156
4372
4120
15477
6057
4744
2151
15015
5603
5942
3587
14342
13911
9937
1168
2569
4142
6310
18419
8410
7445
10521
2952
16731
6077
3671
9386
5593
17462
4533
10576
3007
1896
1459
12270
1082
10007
9774
7119
7152
13433
19449
8447
16492
11387
7234
1683
7747
5160
3806
13031
9765
1485
14086
18161
1426
1015
8654
3163
18656
3453
16120
1292
6695
22596
10331
3433
2611
2608
2187
1418
2253
10499
9488
2445
20068
2424
9743
2113
12463
9505
14799
12687
1542
1123
8033
2599
2327
3891
3955
28525
21951
1213
7940
2009
2221
2220
5472
19875
2545
14414
11098
5365
9144
23665
2345
18355
2293
1595
2295
13641
11841
12014
2679
2249
9060
16989
7836
8134
7734
4314
4446
16568
1007
18168
9495
4019
11883
1805
2659
6070
5254
4988
5678
7305
5537
14437
18222
2583
2277
2211
2516
13845
4510
6099
1979
1269
10330
7441
1287
9877
1471
14207
2717
6820
4097
11041
2089
3314
2925
9143
2646
2581
2561
10368
6018
4771
1029
2182
2078
2048
2884
1721
4489
7004
17843
7943
1051
9629
3896
20218
18377
7364
12022
5517
1512
12042
5187
16111
4061
8096
1968
3185
20696
7140
19268
2136
18673
4826
1367
16963
13004
6842
1053
1239
1156
5729
24644
2981
19276
8151
20801
1628
4484
7859
24890
6127
10750
7210
4367
10850
3334
7025
9749
1188
10659
8019
2532
4279
3010
7894
8032
8329
14868
16842
14590
5282
1706
10422
2921
6700
24465
5202
3342
3525
2528
1227
4506
7527
8646
19139
5022
7804
12274
17902
7321
9058
2671
7510
1152
9089
5115
5327
15386
1387
12009
15207
7092
4369
5176
5593
8256
1789
8908
7791
10835
11717
16877
2612
14060
2189
1850
9069
14648
6930
10858
15408
13659
5914
7163
11982
6047
1210
1237
1072
1238
1087
2010
17765
10714
6990
18540
1144
1145
1152
1102
1127
16944
2624
7303
6238
4140
2071
2422
4718
3823
2266
8360
5771
16604
8288
7956
1475
3182
6037
13200
11417
4031
1235
1682
1410
1682
9597
10837
3775
13099
1576
5413
3129
3531
3728
12527
8193
15392
8042
2655
1932
7206
15778
3810
1704
1326
3042
15134
23592
2978
2693
2378
7796
2231
2129
1139
1120
2360
1477
8248
11543
19870
10984
6152
3435
1081
7506
9965
21653
5340
10234
4224
6777
10344
15809
6008
1638
8921
2040
19333
16910
1026
5601
14898
10946
6925
9310
23701
1700
1841
1836
1424
8365
1484
14676
4561
14976
1367
7793
4162
16347
10797
2558
12620
7610
5533
4460
13682
4215
2023
6032
13490
12314
4639
4368
16959
18886
13394
4114
19732
9969
13016
6330
5084
9935
6129
4640
3493
2332
2446
5804
4427
17424
15381
4914
6890
4100
1237
5927
4253
15707
8020
4173
4098
19579
8029
19083
2962
2932
2957
13816
7393
1716
13559
6697
1170
4256
6287
15953
7168
15104
9323
1372
1159
10891
1219
1553
8805
1311
7356
14092
9419
2187
3828
8426
7912
16253
2878
4326
10199
7497
25651
1207
3339
5462
14118
6355
18476
1352
18593
16104
4401
14469
1030
2269
3148
17050
2900
3021
4229
1279
15806
12775
3434
2004
1959
3944
6827
17399
11646
20795
5940
11029
2893
3570
5235
1803
1689
10081
13517
1294
1333
1337
2571
2315
4998
2168
17292
4973
10836
3054
10934
3026
9902
3162
22666
8185
9130
9266
3432
1430
1315
1254
1077
11063
1393
1410
1454
1458
1426
1780
1785
7880
18550
14532
13881
13997
20578
3028
3158
12018
15469
2587
3978
3057
1067
9813
2323
6879
1607
1824
8355
9790
5769
8547
5454
10694
4729
17573
9644
11537
9439
5273
7436
3562
3564
2632
1445
1173
1481
8704
18779
9788
6009
1537
17522
10014
7648
6503
3589
4966
8262
3454
11497
4476
4326
10682
2551
14104
3800
11443
1273
19323
11995
18023
16585
2751
5649
2714
7340
2718
2753
8702
12928
6705
2021
20196
13207
3801
2880
8686
5715
3516
8838
11307
3463
20028
3636
6048
9765
4850
10240
2482
21759
1605
9547
6553
3084
10209
19469
6293
15779
2959
1148
17726
11899
2952
11758
6584
6951
1315
7611
4044
2495
10274
15502
11038
1399
5710
4257
14973
3600
9218
12968
1882
6971
17653
1649
1052
6015
1494
3913
12155
5131
16952
4884
2475
7344
14384
1861
2741
10535
16918
1782
1342
4930
1387
7990
2502
1197
2214
18271
14985
6123
15474
6363
11830
16358
1135
3627
1708
3984
8648
4242
3053
9380
5999
2038
3270
8300
8223
2189
5814
13599
16460
1223
1262
1791
10610
5068
1230
8912
9003
8462
1253
5707
1563
20433
2297
3752
11710
7284
13232
11071
3211
11200
7284
2720
13010
18377
11833
3703
11544
10731
8059
25533
15983
16322
7224
11539
3925
17821
1369
1857
19401
