2956
1700
2030
2589
1985
3875
3074
21829
0
1452
0
3888
4307
10738
2739
5562
19359
1445
0
3558
5450
0
12713
0
9258
9609
2545
5038
0
2688
3474
11442
20454
23275
2182
1595
0
1935
3399
1292
0
4127
21052
3370
3350
0
22898
1746
19718
4032
3769
2242
2582
1161
1493
0
0
2308
1374
1681
2313
4483
4268
11025
3914
0
1765
8176
2798
0
10726
4092
11049
2801
3675
0
2342
1908
9576
1289
2721
3998
2212
2056
0
3722
0
0
0
2023
17509
0
4263
1302
7645
3601
2103
11904
3163
1142
0
6275
1281
8689
0
28319
1731
1324
1670
2474
9686
3298
5213
1952
1918
0
1112
10685
3661
2402
2270
12781
3269
1881
12851
3270
3180
1400
1352
1428
1404
1378
1376
1316
1390
3574
8523
1671
4069
4954
7131
4113
4922
0
1317
5998
4743
1499
1687
0
3766
14241
0
0
2679
2710
1513
1584
2849
20226
2734
1299
1245
2084
12930
0
0
7173
0
4810
0
0
40196
0
2047
9253
0
8913
2871
4993
0
12610
6109
2335
1864
3744
8556
1308
0
5535
1760
1535
1540
7307
2558
7251
1048
2872
31497
3041
0
9016
2579
11013
6627
1715
10591
0
1089
1606
0
9880
6410
1112
0
5137
0
16215
15529
7501
6280
3318
0
4487
0
9316
1089
2764
0
1251
0
7733
9280
20303
1436
1741
0
9336
2088
3885
13237
1711
3641
0
11337
20545
0
1588
1754
1145
1282
9598
13422
0
4576
4766
0
1197
2502
1852
8390
0
1218
10002
4869
13011
3885
3481
2471
0
2913
12916
2922
4190
4728
0
3606
2728
0
4514
10906
0
0
3911
0
1466
0
1084
3822
25710
2315
1987
1008
6367
1099
0
2269
6900
0
13034
6053
16903
3046
3706
4215
3168
8423
0
1094
1360
1460
1646
21839
1727
34317
0
2645
1624
12616
0
0
4177
2283
3283
2612
2467
0
6949
0
2524
0
0
1604
0
1483
0
0
2032
2244
19886
12335
5687
0
0
9608
6518
4624
7825
7012
1164
0
1202
2572
3724
1571
15068
1650
8158
3887
1140
1107
1093
1164
2219
1117
9002
1426
4332
3319
5913
0
0
9265
1181
2726
0
9023
3736
11263
4396
1681
6101
0
1598
2596
28775
2156
0
0
6691
35794
4360
4323
3905
1098
1352
17010
11070
1352
31982
20664
0
1999
2535
0
1131
10526
0
7774
26076
4565
1552
1176
1193
1201
1994
2716
0
15352
20787
8621
30281
0
0
1466
0
0
0
0
3238
0
13349
3238
31984
3723
2318
2132
18313
13234
11975
3189
8052
2278
11820
19685
16331
36349
16573
0
1576
1899
9685
5557
0
0
9855
3082
2035
16656
0
6791
0
11994
3938
14708
6668
0
1093
10270
1773
0
8727
26461
3319
1980
6019
9055
0
3360
36317
13840
0
7570
20964
3611
3570
1921
0
20706
4540
11788
16265
0
5617
0
10699
11306
7567
1442
0
6592
2445
7172
0
2073
4052
1188
13673
17428
6050
16789
2243
0
0
1205
0
7381
1647
2213
6335
10083
2918
2664
7720
4058
16340
0
1559
3662
3668
0
17931
16031
8210
14733
17361
8127
14256
1089
1680
0
0
2037
2476
13450
11714
28553
0
1132
6860
13371
1259
0
0
7194
5189
9771
3535
1140
28158
1399
1663
0
11690
15297
25132
0
18648
1503
7575
15965
0
0
6831
7283
0
0
4908
3897
3337
1153
0
12828
13165
1722
1086
1667
9377
7684
1780
5312
1761
2339
0
19777
1698
1465
1055
0
0
2210
5357
0
0
0
10311
16525
1225
3929
0
2656
0
0
9206
0
6152
0
3251
3814
1286
1437
1961
19297
9173
2749
2158
0
3348
0
3581
1046
1534
8422
2915
6916
6945
0
2894
0
8006
2413
3996
2683
2233
10093
3686
0
0
4320
2614
5282
3713
18568
11373
1468
11973
1001
6460
1131
1036
1033
1888
1947
1735
3986
13740
0
4385
1363
1744
3690
0
1014
17257
2274
11254
2707
2608
0
1426
1542
5816
1854
1768
0
0
4974
1767
1322
1929
0
9159
4330
1189
0
1209
3215
3132
3411
2556
2607
2736
2563
10790
2581
8073
9772
2511
2438
2421
18062
2662
2352
6484
4527
0
3390
24319
3143
15913
8916
5096
0
0
2812
2898
2874
2892
4617
32589
1967
1456
3190
2083
2259
1601
5980
15030
0
6294
1449
6590
1483
3656
1623
8324
11820
3189
2140
2032
7075
15493
22238
0
0
3136
2994
0
1798
1736
2575
17499
7996
16887
4882
2319
25019
0
3087
2911
1379
4205
14336
11993
2571
0
1332
0
3736
1513
2549
4044
3124
4777
1482
4673
9315
0
5337
0
1848
1713
11490
3926
3444
1368
0
2264
3290
8333
16998
4273
28349
7986
3709
4512
1927
1771
1731
1267
7481
23854
3659
0
1915
5817
3326
0
0
2595
3265
1931
11366
11299
2990
21319
2370
1903
1923
2354
6515
2545
0
2571
25710
4257
6048
2657
2209
4283
1927
2575
4663
3096
4634
0
3672
5674
1050
3361
13177
10888
8588
2820
0
0
7419
0
2073
15046
0
0
1838
4439
0
1514
1631
1602
10981
0
1187
1859
9487
4300
1254
2224
2141
0
4842
7219
1204
1729
1200
2162
1906
1599
1499
13539
14587
1364
1614
0
0
3672
2933
2601
26831
0
6710
0
4789
7109
1320
5061
2333
1633
1425
2277
2698
3978
8633
3842
2488
5896
1980
5612
20608
11075
5777
9084
8566
0
16412
0
0
1355
1057
10148
1502
20768
0
0
4900
2009
1688
0
4125
3657
7014
6542
3765
6485
5718
21993
3721
0
19429
8323
0
2400
1467
0
12699
1606
0
13793
1928
0
9156
3183
0
3113
11702
0
2495
0
0
9413
0
12709
0
1352
1446
1021
17652
2901
1856
0
9202
1099
3934
21340
12355
2235
0
39751
28439
3653
0
1141
1231
1147
1128
0
0
0
5837
0
0
15893
2419
6562
16721
7410
0
6400
8559
15327
1784
11427
2458
2484
1372
8096
3974
3016
16880
3970
5959
5456
5477
0
1923
