2363
115
1073
520
739
1
3
13
2
4378
14
1185
300
339
537
356
3
12
2148
64
728
3350
11491
172
2893
2190
55
82
208
204
139
8
203
6303
53
574
255
1
10960
90
110
56
594
119
438
1681
3918
3765
1
46
65
55
300
185
42
546
3687
6930
1
8672
503
10
886
90
406
1569
670
230
8
292
3220
6
1014
43
482
12
5251
119
1553
40
54
1125
10
54
133
3
1480
80
5389
1505
6539
694
92
10
9527
521
1958
79
59
226
8
1
274
156
9
252
54
103
46
23
729
7
59
1165
349
6
537
1217
6841
1086
95
47
130
10
4681
156
45
5837
6015
72
1
12
51
2535
4
53
10
39
445
14
207
71
176
90
299
6
3185
1062
2395
10
1
15
10
8374
91
157
532
4251
3590
64
172
140
1273
67
105
8
92
1
2110
12
5603
7
448
5245
127
109
59
170
1775
3
85
102
83
6402
12
581
138
3209
2883
2399
182
1
99
24
119
93
101
70
1232
14
43
792
8
11
3437
2584
69
2610
1350
825
4
977
2892
2
11
13891
2
8798
900
140
6893
72
1762
5143
47
44
59
1756
5605
34
34
4115
915
5
103
4242
140
2
119
52
91
14
469
283
381
430
532
382
1093
54
537
104
1127
13
302
151
74
44
186
8
568
1045
836
2019
1035
322
2
78
1
72
86
6940
210
48
7292
85
3
5329
833
5
1433
2600
79
59
15
1678
159
8
9889
15
755
49
300
321
562
739
862
9
39
1418
85
57
12163
1
770
192
15
6185
3275
1524
3000
109
1151
271
5695
2118
127
242
4839
4
1480
2288
12826
346
43
50
15
10174
5
79
72
32
321
297
12
341
1280
1853
1868
58
64
12
3591
3831
223
658
141
208
3590
3539
326
904
621
6407
1163
413
494
3485
250
1368
1571
305
98
153
327
631
2798
172
56
39
35
882
4220
150
351
41
5
5833
125
509
886
84
3255
14
97
129
44
13
59
181
191
1
2312
477
684
2036
127
254
7859
114
306
7736
46
96
510
1
22
62
359
595
850
435
3985
14
418
56
4
9
1058
195
658
15
5
6
73
4859
190
410
1882
1995
1230
10507
292
7947
52
949
1398
14
597
491
2809
102
127
208
1
2033
1
451
2613
13
302
108
109
7179
1
2
145
10
1233
1162
195
3
970
3
419
190
2217
1
588
549
104
92
9
38
163
335
1049
89
6407
50
139
160
12
144
163
8
66
15
126
155
2425
62
457
147
436
296
105
203
1768
4558
1514
59
5
6
1867
1
409
8
1
691
154
6133
177
6
93
171
8
841
5726
4148
516
734
1329
336
1823
36
477
386
95
2406
364
9
66
223
4966
70
1
4000
2023
73
1216
135
15
196
1
1467
459
146
2467
46
535
53
9517
72
5916
5136
221
1058
3
991
1
15
1971
9
186
103
151
12944
6
92
132
861
7326
15
410
10378
4495
16021
12
311
120
4616
331
2
3
275
42
63
2022
659
11
508
517
15
100
551
2409
1859
140
146
7802
116
4238
1
1193
52
210
645
13
666
61
126
14
344
1
708
773
169
2
635
11
7
1
212
12
89
34
284
10
15
3695
49
1
938
594
57
36
11
5084
7
3982
1146
14
9
467
84
12
1749
1001
260
9
700
60
449
1
392
53
889
2
70
91
136
10
12
667
325
504
139
959
1
6
1
811
14
36
9
1
1
2
51
1161
489
4429
920
1164
804
1
98
11
67
109
589
17
38
610
1623
139
1545
119
78
205
374
83
12042
12
5212
63
5
4374
733
979
11
4205
697
570
2
656
74
136
34
1
63
7
48
1669
174
5
1825
84
49
14
7
3336
336
453
1677
313
633
53
275
175
157
350
737
59
148
81
1
63
2721
11
420
1431
1
154
85
13
11
720
5
4
156
1063
7
48
64
6
1
12
3593
1514
14
243
176
616
1184
1308
671
130
14
549
893
182
45
82
802
522
8
1070
92
342
3
260
724
107
84
4
4
1
47
41
4
9
1505
4275
1477
561
420
10
717
205
10
233
11
13
8
32
77
68
183
197
140
8304
1002
50
6
12
11
7
188
205
140
252
1
428
4848
1805
324
14
4799
6989
129
402
680
46
8979
69
34
2
515
219
11
62
1573
7014
5938
7
386
3345
63
433
4
2617
5346
24
979
9
127
664
72
244
14
1811
100
116
2832
345
152
74
4215
428
66
2046
11
111
9449
103
11
507
11813
546
4661
1429
111
219
1780
71
68
1
1290
46
1290
1
2090
2036
2
812
79
1396
11
3
175
272
218
564
5039
2304
152
1161
137
15173
174
84
588
4101
95
376
34
13
217
1
2413
94
23
6362
45
637
311
456
77
1455
6
2
648
64
1891
1752
76
471
385
145
378
927
1146
8312
52
48
12
10
6859
36
2
101
3
32
11
62
1
9
95
198
1
58
183
609
91
1
1
1
458
321
435
2835
248
708
112
3
11
1
363
417
40
367
1
39
4
8
2329
1183
61
6
91
168
683
3277
10
96
867
63
118
15
477
1
2916
2758
10
782
1691
173
17
208
247
10
33
37
1645
65
12
542
15
122
79
121
217
117
100
15
29
2744
105
1639
736
14
4476
10
310
3924
1889
1
8934
1
1547
37
13
7
700
118
46
15
59
1386
3860
72
17509
2018
507
3307
62
12
87
134
1085
3433
1
5
2446
1027
13
54
1
245
5131
359
610
3620
38
237
99
12
30
3376
3
223
320
9591
286
7433
112
1664
2286
500
93
110
85
39
4
13366
53
269
65
179
76
3211
229
5429
49
4188
11
140
1300
406
10
93
12
1
270
997
255
2
8983
579
6228
50
25
8
243
940
2466
7
3
1660
671
713
207
43
4381
5
270
6926
5256
82
678
1794
375
126
10
1
326
31
115
148
132
1154
37
2
6
1
695
116
35
892
2382
64
1
10
11
1
915
222
1088
581
402
66
88
564
15
193
9
44
543
9
148
3
7432
9871
42
133
680
1027
3880
57
117
352
434
3636
56
173
295
449
384
1759
4
37
12
749
301
9
328
1342
99
66
7
130
292
76
13
2099
1
65
217
93
109
364
1
5202
132
2048
1235
2168
1671
174
11
1
68
288
1065
2053
36
665
437
1098
6030
627
48
780
355
444
94
61
218
10
7370
7718
36
1
129
2237
1682
48
7633
41
686
2158
3828
139
578
479
1229
7005
154
6
73
63
8
3
45
6583
192
168
1155
15
1432
3
3213
1231
3464
391
867
1
32
91
52
1
5
9
145
149
12
9895
128
3107
117
1
35
15
585
736
1
188
80
3
86
7
43
69
1174
5766
200
1
5
1488
88
10
169
14
15
149
1595
43
795
12
269
19
933
6024
2697
240
1000
11
3158
74
227
1
2
233
59
1316
54
174
8
38
9
3
52
10
3
698
247
206
88
11
5
14
3
1927
311
86
3207
1855
132
4323
1132
1895
1
64
123
51
383
8790
7764
377
14
542
422
2821
10
276
200
1093
25
2033
5146
538
4299
5974
56
268
90
1407
394
69
2095
15
53
72
49
365
8
25
3938
1452
4605
4571
5613
62
2501
77
128
14
115
12
2173
3594
1250
198
207
81
191
35
45
1
136
45
88
1875
5
508
4503
806
5
109
5
291
9665
17
7
124
8777
70
3
129
2138
48
269
49
122
945
41
26488
46
1016
631
3398
13
92
1152
733
1519
52
141
75
2
307
1247
43
10
5
66
99
96
101
218
6
258
15
1991
10364
1056
5
3242
1720
76
917
26
3336
699
1385
205
3827
241
939
298
5757
5268
20
43
72
1224
3979
10
1278
58
138
135
2188
7012
10
75
1986
10
127
20
13
196
15
5
61
10
9
6
78
48
66
2
212
4825
17
5380
9
3
162
214
1
2
29
69
69
6625
15
224
19369
1481
87
103
15
305
162
8
4826
77
109
4483
492
263
2996
1570
301
1
162
10
5
1276
5
2765
23
1
14
180
4918
139
6
13
1360
967
4578
72
1
77
2795
210
94
14
27
7
6
1
1
8
1245
362
75
4493
772
3416
505
90
407
3
1580
1
545
2510
1450
336
72
4406
1
129
1
53
94
68
11
15
254
3
33
181
2
12
89
15
12
3
708
3479
75
176
174
3768
116
144
2
1
108
11137
36
139
584
1
647
386
100
7
283
8
1658
8
9
579
2869
629
13
241
91
584
5563
511
9
1844
69
94
8
63
8
3172
183
228
1678
2620
65
609
76
4
70
8
2653
39
7
321
10
19
13
86
51
124
1123
82
11
981
1070
37
258
55
94
2660
1162
20
212
49
76
54
7306
1922
1
1880
1
4
196
7
375
728
5
369
217
13
142
1228
2280
6
4737
246
310
1
319
1518
237
1360
302
40
669
35
1871
14154
2121
83
84
1209
489
595
5475
6
38
358
131
535
1
3878
1
9
346
80
2803
2979
9
3764
58
7
884
456
1443
63
1
96
10
1099
40
196
41
50
88
779
139
6
2275
902
6790
3778
256
280
1848
74
4412
3
3
10
172
14
129
493
1
511
13
15
473
9
95
59
463
73
75
58
11
5
1520
2603
580
956
7176
60
4791
67
8206
343
264
1113
366
469
658
57
72
64
102
182
1794
1157
187
47
266
2
135
1
402
66
1571
3
2
9
53
14
31
30
230
308
7
5373
96
62
13122
1
317
8
1
1055
6
5884
228
109
2
7
1109
215
130
1044
74
86
7207
503
764
14
2
139
1
368
55
138
2601
2530
1835
1511
321
24
182
64
14
13
202
31
80
84
4843
1403
2613
4994
1770
870
14
349
343
9
31
100
661
561
229
9
859
4152
6
9
130
151
152
29
151
102
91
190
1
2026
387
5
12
169
114
4763
439
5719
10513
1
11
2585
10064
60
585
695
3425
4
1
87
6578
857
53
92
328
6
484
9697
178
1
283
1537
1
117
162
32
15
192
8217
62
10
90
185
151
93
15
12
1060
31
1806
118
1571
777
514
550
2339
353
1
15
874
1407
552
37
987
2146
1385
4
5980
36
1
108
1623
4911
102
4370
2088
1
374
5
1
5649
37
10192
8
263
3053
136
4
1
3007
53
11
14
788
1
3
1980
1032
63
435
382
699
6
2088
7
139
5003
101
6553
435
12
1
3953
3020
51
561
13
607
12846
239
542
23229
3
634
14
14
255
84
125
857
2853
1121
148
32
188
50
11
525
188
78
820
38
370
2613
1989
1
73
11
137
75
4
623
49
116
430
1
1818
3609
91
43
143
695
87
5
23513
5704
1
3502
10
331
1973
22084
145
416
1907
454
1021
6
42
36
224
151
326
13
104
2
692
60
1
35
555
81
2
328
11
64
2
2
1718
14258
183
222
801
83
1202
4120
9999
2368
1000
578
9
146
6213
102
65
130
69
8
259
9
69
216
1989
4705
268
4
537
474
84
5204
642
100
12
9
165
3254
1999
10
10
71
11
5380
739
29
183
442
2991
12
1
44
2211
7508
47
3
3552
1
60
13
164
41
7
73
611
219
83
1444
1
54
1
1
12
5
3126
1991
8
131
111
734
3676
176
46
7
110
24930
731
2457
214
62
2072
529
229
5899
122
28
6098
243
48
36
63
46
9652
124
77
1
8664
120
412
46
11361
216
62
4435
14
7008
130
123
60
306
1
1274
7044
44
840
4
558
7103
255
91
63
14
95
3692
251
6
1
1166
1945
1641
3
156
334
360
6130
181
1082
39
1595
1
1229
92
6
6
1497
171
44
1120
15
11
849
1061
4061
195
1
4
7173
7
117
15933
47
93
793
6
62
4
845
1714
8
1555
64
22
14
1134
2
4907
13
1208
19104
10614
10553
89
1977
1642
1253
40
70
67
6
515
118
126
7
2
94
1076
715
58
10
161
55
6565
239
2110
35
990
328
177
6374
333
899
2545
165
59
793
2119
1184
1569
797
801
723
14
11
36
69
91
77
98
5274
571
496
2056
208
1213
2171
61
1
3902
1105
44
34
37
374
7825
3708
1259
1
9759
6164
1597
2
2807
129
4889
1533
1761
6041
109
189
1670
1760
1
168
536
3218
40
158
253
174
16
591
70
183
4080
5541
152
1916
198
1
37
77
281
10
1168
277
58
1
56
48
15866
1
13
304
53
444
53
210
69
1230
4
10
110
233
7
1
115
6
46
625
1
222
382
14
541
2711
226
2370
4654
546
553
1531
68
131
67
1
129
59
14
8869
68
12087
202
217
330
4490
102
122
37
14
7383
4281
264
83
75
75
4820
968
127
114
6606
78
42
2279
431
1046
63
60
3155
1017
2023
10
10
52
8
9
334
3636
101
4695
59
9
144
2033
97
2
341
127
15
138
2021
13
52
13770
38
374
166
82
9
2
3826
184
1200
2534
82
13
95
1
20
841
1650
9
1637
2883
4908
37
422
900
63
13
78
13
1
75
266
2029
2121
1847
72
324
8542
13
3741
6213
14
734
39
7
146
199
9
15
73
79
105
505
643
3405
978
15
3996
155
2645
6
736
19412
718
3504
1
4007
54
91
70
5197
77
62
198
38
13
31
9310
135
516
179
641
10
1036
44
450
3459
12
166
131
1367
798
2868
6
49
8800
608
867
2418
4416
211
185
164
1
177
1566
2010
5269
416
36
4213
2689
2231
1
359
107
1
7
130
11202
2325
1
72
2532
558
53
1
9
106
77
273
1990
105
192
194
401
13
1
2394
4
1
157
29
249
5487
645
44
1070
840
1
6764
1947
13
1712
525
5099
2827
7
211
149
488
188
418
247
259
53
16
68
1
24
3653
918
89
7
76
139
439
134
128
57
548
157
156
65
6098
396
9633
308
5817
15
4088
74
7346
478
177
921
75
10
2569
15
2
173
5578
4393
399
1536
44
137
107
2994
64
468
1949
95
1
3794
811
86
324
2380
1539
547
46
11185
62
2
1
8
66
7
6821
1
3301
66
68
10
511
145
1
5
136
42
2500
67
992
740
112
28
180
189
9
670
1178
90
365
4562
29
185
111
1008
1
11
7
84
7826
1773
1108
3269
106
2580
4277
11755
21833
5
3478
1318
136
3
1821
190
1190
2
304
1
11
198
1
117
1632
1
3
3
869
8938
1171
193
2059
10
234
8
693
38
49
81
105
461
1
2
4599
615
400
164
63
500
829
171
12
836
4658
3826
13
1
36
4911
5386
15
45
298
145
7974
540
91
116
927
9
1628
13327
1029
2007
112
551
10
56
71
95
904
10988
46
10
1857
785
3095
15
57
108
625
3818
6315
8008
1061
921
4887
118
370
537
81
1723
1
573
251
130
9
720
1720
48
309
9
1006
1674
49
495
1079
106
13
133
365
18709
327
367
97
291
267
1
74
3523
47
11
11
6
8847
85
52
471
2830
10
48
147
5
10997
9
581
183
740
118
1
51
6
728
1
7
712
121
5
64
129
51
5781
129
40
9494
86
48
832
28
1
47
13
2114
32
2142
136
591
1
14372
1
542
1
58
11650
48
67
241
170
1462
333
3124
13562
106
56
4634
4
37
1163
240
356
16
2
1
616
179
496
6304
17
73
484
1
151
60
1
6
49
15
246
4006
27
707
506
86
89
117
556
289
237
1110
1529
181
3
7829
1400
2435
89
1502
1269
392
354
210
3086
140
1521
10
1325
15
28
14
344
5
393
539
3091
4436
12
421
863
11
6586
172
136
926
232
650
752
6189
3108
2
644
2070
3873
2009
1385
31
534
613
685
5
8
1908
787
74
14
168
8
5
2
75
124
560
556
286
624
6630
98
95
3671
1914
1124
3893
13
1
128
1
5
66
61
879
6354
11
2285
65
79
7
1969
791
1988
1595
40
242
5
85
352
44
245
3
535
6
113
347
100
2558
393
60
845
127
535
2642
111
313
2617
12
177
58
5830
59
129
458
148
558
7497
4064
1194
138
2
2817
3747
177
83
730
102
2342
168
124
48
8
3
176
11709
151
1
35
7601
100
1201
149
1
3298
140
666
2640
1224
46
1
7
1913
1266
221
84
99
398
10
13
34
704
328
2
1244
2152
84
10984
5
254
73
538
76
10
4192
297
47
12
1374
11
3064
98
146
3074
13
2
14
1
120
199
4676
85
346
11
3
45
103
78
98
1171
6
56
72
367
7989
37
765
6
1025
55
95
179
141
5169
1586
638
49
118
1
114
889
11
9443
142
340
196
933
98
492
5272
13
486
4854
319
1
662
6
732
754
176
671
10405
173
728
77
2048
3098
8596
4176
1289
2
4
25
1
72
639
212
283
151
1339
133
636
3
3011
159
100
1587
2
84
4672
958
342
642
1
9857
8257
261
1
10
61
96
39
1683
507
734
976
60
3173
5014
642
172
1850
1377
97
479
160
242
1035
14374
5830
75
72
1
162
1607
694
731
160
845
1
13
2
132
116
155
172
76
1546
1
79
452
62
1465
516
7260
30
153
1
1
7322
2434
616
413
74
503
867
142
1077
10259
140
666
33
97
92
8
1
64
151
1095
6816
1
505
2335
7
6
277
14
10
20
3122
194
151
8327
114
214
2148
33
4641
89
234
7
446
94
598
211
11
1183
1
49
1
4336
2957
3
105
40
119
64
6
1
1
148
113
42
4881
5
118
35
61
7027
395
446
71
5485
157
126
4124
76
209
2843
71
207
3
1010
2708
2901
88
12
74
365
14
67
12
4
55
68
4940
39
2
3600
2352
165
317
2183
1
822
70
803
159
1
117
79
306
73
225
184
65
218
266
12
94
2582
88
102
1244
1
66
11
1
10
4
54
1586
9801
2597
1
4
109
197
2480
528
3210
170
2522
3011
4326
133
443
2487
9
179
2304
450
6143
209
15
60
866
14
3
3093
150
139
9035
9
556
48
39
76
4
5
2729
34
741
490
196
360
763
116
1904
7031
6046
10
1
896
147
9
6330
2017
420
101
11943
852
182
22
122
161
55
210
680
5
1500
713
75
2538
1555
4324
11
339
560
81
571
69
455
66
615
1043
1
4844
7512
439
2073
852
104
1589
5
151
7540
620
9386
406
3696
37
769
1377
197
1
81
833
54
61
4745
8466
10838
320
660
537
34
10
4
29
313
103
77
3
102
12375
113
47
927
312
1335
39
15
92
13
82
6
333
35
170
2
4202
46
2283
163
1913
97
224
456
181
2
240
523
10078
3847
117
217
532
189
418
677
154
393
80
72
1894
1599
9
5172
57
1045
4
10
1
114
127
44
1124
1
1729
3062
5
117
57
3
278
60
65
8163
584
359
3
385
3345
27
3616
2622
62
249
122
289
8776
1275
513
6
53
595
87
5707
1
258
12
4695
72
128
1838
9
190
1
1
81
7081
70
1
79
553
43
3705
14
71
79
1280
174
169
7019
1005
2861
52
1
9
162
159
689
7
10
13
9
671
12
106
78
1349
10
163
88
9
270
11
13
111
2748
581
1144
106
86
3601
132
51
1
11
10
52
505
5310
155
556
4282
12
41
112
1
1189
154
2045
126
105
14
234
290
13441
7634
2
427
4478
6962
14834
171
1
10
370
9702
161
224
43
8
70
1
93
127
2
45
3061
898
73
66
3055
1424
4394
1
515
4410
3
60
2048
4
2070
408
305
5775
6
222
8925
196
10
41
85
42
12
88
64
110
222
5
1228
553
11
2617
2427
8
959
2535
65
6699
15
116
1286
10223
156
4379
7
11
2192
70
74
382
144
229
203
71
184
58
1221
42
3266
1894
130
1237
2609
421
89
45
790
4282
136
810
3
2416
48
94
2021
764
1
143
4264
12
25
10028
62
53
1295
79
4413
4
14
10
206
618
233
8202
156
47
99
454
1
20422
5605
89
12
52
843
4773
714
1400
11
2835
4456
32
12
1570
108
4
35
63
11
665
15
99
2348
1
13
2539
127
2719
92
2163
3355
127
13
366
916
139
199
8563
10556
29
553
1
3087
23
4920
119
104
1780
3366
130
90
71
5325
165
70
94
81
4381
359
1599
689
156
97
143
90
207
86
174
3617
114
24
71
385
728
789
5663
49
78
4533
487
77
39
73
270
14
15
43
50
337
502
72
265
13
614
424
8
13
6485
1
195
10041
15
121
13
445
15
20
1
69
1027
100
37
11
2934
809
4
65
210
7
651
7
84
622
11
1234
465
10
2598
8
42
5
214
15
218
15
5
141
310
3491
736
106
87
556
673
633
115
2380
68
247
265
255
140
6016
179
711
3
64
78
1358
1442
183
47
1043
135
171
732
25
4218
82
3029
14
105
97
6
43
2421
62
69
11
213
563
51
737
557
5931
1
1536
15087
3
2
836
1823
8449
945
4059
99
1183
719
11
266
5
8
13
251
7
192
770
58
4
123
10
2
7868
505
1
194
1
24
910
58
5406
10
3205
9
2565
185
3
1595
83
456
270
58
11
12517
122
184
5142
415
2345
72
349
1243
75
3491
738
14
1
423
100
35
2021
86
156
101
3
1030
11
1675
45
1
2404
977
3763
1
5755
509
114
695
119
431
1110
2681
56
4
34
1123
1
8103
191
9042
51
12
14
42
11126
3530
9905
71
12
88
58
5906
3
82
1836
52
1
465
9
1
159
14
146
2290
144
208
215
2503
10
2
1
25
11
557
14
1
1
888
370
15649
333
87
1367
213
3011
4942
1
6
64
207
7
1
130
423
30
8
512
141
1
6478
3088
1449
2838
1041
723
32
3746
2595
369
9
7460
5
964
1
989
144
1365
807
7
9
2279
775
420
419
7
193
2072
26
607
96
97
1
3638
240
402
5892
1015
665
190
104
6202
73
29
2111
117
471
12
14
4
105
671
4940
92
31
4
600
41
165
12
10
356
121
15761
88
619
113
2397
4
489
203
1
12
145
182
84
100
12
137
123
94
8
1343
76
2053
52
246
261
13
978
994
3427
77
25
123
456
129
252
872
232
1029
841
40
168
13
1
1497
3914
135
5
148
9
4396
61
2
159
70
68
63
33
931
20777
4528
4046
147
295
54
392
1
1823
162
55
9
323
145
13
356
11
11875
173
6
142
681
5937
131
70
665
403
1
150
3712
100
20405
548
61
2520
217
727
7
783
881
252
4067
1549
127
357
3558
5
14
5
103
4388
2891
6312
30
41
1
11
45
91
5618
130
3193
233
3596
3236
43
44
43
1660
2084
21
15
371
3440
1
84
177
4
36
3111
79
3899
7
3781
188
3227
4
37
226
7165
32
32
1
15
31
1351
40
253
46
1101
248
61
378
71
2123
361
3112
662
57
124
123
409
616
231
1
44
599
2382
930
5575
1733
442
1220
7
111
27
9538
2699
2
47
150
1
90
10
62
1
15
1480
101
3356
488
3722
748
102
7
4
6019
1065
1
3433
1
77
107
228
10
227
82
604
131
118
1
6786
131
1
115
217
1
67
367
15
103
4044
433
40
426
90
726
1
6
126
141
17140
127
61
81
1559
1
9553
4453
14
3087
4950
154
107
113
4
9
2674
6
3499
36
330
15
10
53
58
3
6451
4363
53
1666
94
5058
802
12
278
3032
118
1775
2486
6274
294
5036
608
117
4000
3
24
14
2759
289
43
44
14
15
162
60
3245
1244
253
3033
50
48
6
98
460
8105
535
452
2044
703
1170
3
1889
3126
3
1962
15277
3945
2398
6
4622
12
7
570
13
14
12
4
1
365
352
11097
60
577
46
14
1013
5
648
314
15
8095
220
14
8
13
120
8
930
99
1713
8198
1784
14
3571
13
141
1372
13
1912
72
14
278
6057
14934
