1539
4429
1768
2538
1415
1431
1492
1515
3929
3755
1896
6305
2679
4328
3031
1698
2133
1737
3056
3537
1969
1813
1519
20389
2550
3553
2114
3874
1800
1344
4808
3424
2267
2787
2799
3484
1115
2109
1100
2240
2381
1617
5217
8812
4919
3657
3663
1083
2606
1096
2579
2727
1058
4019
14840
1277
3040
1497
2951
4354
2710
13399
2630
4958
1339
5724
3237
1622
1416
2255
1776
1046
11946
2193
11913
1105
3716
3681
37056
9350
1318
18133
2514
1277
6391
2523
2865
10529
15445
1879
1083
1629
1629
6253
2329
5067
17085
2054
2086
1336
1424
4541
8960
4226
1106
1408
22262
4368
9600
9139
3836
7914
1002
2028
2023
1913
3166
1464
14006
1333
3339
12925
1594
12828
7297
4895
1052
6583
1120
12636
2304
1487
1695
2372
8265
1739
2922
2339
3329
3016
6285
12533
1063
3109
21571
19689
1256
1249
16610
10778
2559
6273
1613
6184
8158
7162
3247
5890
1382
3483
2040
5472
3515
1521
1141
1020
3984
2640
4126
9299
2249
1381
4491
2515
1354
2305
3033
2120
2749
4168
1581
2166
1495
2243
1146
1121
1142
2022
1693
7765
8900
1897
13926
21973
1050
1996
2397
1672
1596
6342
1751
7612
9534
9078
1764
2421
14429
1107
13335
18595
10478
1409
1406
2271
1659
7524
2015
1961
4320
2056
5338
16590
3245
5922
1326
12113
2038
4297
1104
6642
22385
16355
4135
2323
2082
3683
2043
1444
2861
3174
2066
3273
2937
1057
10600
2987
3344
1716
18753
2249
1408
1409
2527
2916
19305
3025
1735
2698
4415
2475
12903
2161
3308
3787
4480
2271
3454
8054
1163
1656
6440
2201
2139
3637
10880
10357
2829
6387
10398
1134
3641
12178
2641
8749
1455
1167
2879
9545
2802
1894
2398
1036
1998
1561
8832
2058
1302
1309
1700
2433
1507
3791
3575
2316
11518
1089
4008
1809
4172
6917
6238
1728
1185
1173
2823
2960
12426
2866
3822
2560
2179
2090
3497
1164
5103
3640
1465
4389
1701
1581
1956
1657
2957
4245
2603
2772
1381
1381
2828
1601
2834
3490
2206
1161
1552
3757
3435
6685
1529
1788
6234
1738
10984
8286
25237
1064
1143
1280
2130
3316
4728
1816
2423
2723
7944
1423
7259
3734
1135
9853
2645
2915
3538
8299
1096
1066
1281
3417
6731
1195
1761
1532
5592
1985
1734
4968
1180
3434
1056
2337
2046
3462
2362
4111
9451
1663
2528
1726
2387
1863
8191
3262
2533
5320
2665
2982
10201
2200
2237
10947
1712
9119
2771
2415
8464
8497
4087
2838
6809
4611
1595
1588
15718
2408
3939
1257
1300
1885
1968
5112
1071
1127
5292
4133
3982
1778
3730
3018
1506
4182
20305
2496
1966
4811
1331
15254
1116
3036
6770
11397
1437
2269
2856
1038
1988
5788
3509
8497
9895
2792
2385
5474
