186
2957
356
6
2728
469
625
526
414
554
244
64
19
67
206
20
13
31
138
259
7197
272
341
47
592
193
2780
73
1207
445
51
161
321
10
29
8782
13
5534
1858
1147
101
3461
527
1354
293
489
3435
203
291
1202
170
144
109
1028
5269
219
2324
130
858
727
297
565
645
4644
380
567
2
70
1851
327
2155
254
1170
445
2965
9
3198
254
11
264
351
407
479
36
2766
1285
277
567
698
6195
1
429
14333
5690
1
12232
9445
407
761
241
182
15
3039
4526
5
3712
592
5917
441
351
4318
43
3004
12059
281
121
775
6541
4
273
68
2957
2354
436
184
433
304
13
44
6115
1425
212
1147
80
251
1347
472
188
15500
1
4015
790
219
133
310
3918
383
835
23
2028
2282
79
346
37
300
4019
35
449
33
97
129
1567
84
257
3244
1177
207
579
168
4397
4191
6016
2878
116
66
5948
67
341
482
551
309
511
60
84
51
6363
589
84
4143
48
280
140
4853
108
26
36
61
57
204
2690
80
3313
299
1111
3681
4121
298
3992
572
1905
3509
11
427
220
205
6037
889
571
350
9
478
356
353
816
693
415
2310
13
103
1417
2230
1352
243
434
1880
31
18
135
227
181
81
1774
2
1088
12
611
5989
1647
3599
8254
435
6697
2064
105
226
613
3685
107
674
735
271
926
96
4180
93
98
2
29
347
7856
1088
27
10
311
132
374
8109
4150
1348
1946
90
12
2118
60
277
232
169
4848
327
147
324
369
600
426
322
245
1201
96
343
524
15
2812
471
1310
434
4456
307
802
122
189
18596
505
393
2
209
14
203
351
2401
337
447
111
10
19189
905
37
55
57
451
433
390
2955
581
376
243
1822
13
388
79
93
432
2
371
831
10039
9551
1712
306
401
404
7112
47
142
1176
1452
958
9592
15
14
2835
7016
331
43
100
87
548
2665
529
830
4823
2096
1553
7308
368
385
365
131
299
42
2728
2159
436
6
554
3069
439
419
101
4122
2428
332
244
94
13
230
478
281
1467
5121
152
3514
292
1949
82
972
7012
272
311
688
361
139
360
4495
10
356
81
91
184
479
15
1
1
168
46
3522
354
366
379
10
195
2537
14183
1140
343
1278
1816
468
7
299
683
1617
216
383
775
300
2700
76
699
515
1980
134
57
2060
200
903
532
474
630
374
617
84
373
36
257
112
75
6651
493
101
7
2263
11229
1111
1711
1840
5987
5152
300
303
51
198
40
1131
250
225
1061
329
44
2746
735
134
385
4597
941
6266
8968
625
181
382
31
1040
1132
5491
201
99
264
344
332
39
776
349
823
466
361
416
666
433
1750
265
14
379
187
2132
67
1072
12
6452
328
2941
164
24
389
458
2
8409
663
748
67
397
3786
136
337
3211
403
229
403
4474
253
200
66
419
517
1278
272
1211
166
219
16764
9034
16942
299
385
206
86
2
330
265
3600
10
731
334
57
558
806
7994
198
1948
82
249
376
55
11243
346
13
1419
162
67
6212
1144
364
2744
16932
14
1520
328
424
3195
460
529
86
4932
43
2771
141
6311
11
12
269
5563
133
43
72
13
539
4557
2
68
533
1599
386
313
1801
309
153
2125
519
391
249
15099
821
829
401
118
295
49
203
945
12
200
662
316
69
856
1339
1087
42
65
126
325
94
5248
57
11
854
7323
555
6037
1048
577
130
200
543
37
4
3979
3997
257
1744
13048
436
5
209
83
55
457
6927
574
188
128
292
34
5110
97
154
1716
370
84
546
934
697
794
72
2326
191
200
1706
116
95
1027
16
1269
256
350
38
196
1764
359
441
385
147
1735
118
11
87
373
268
205
517
4687
1017
5
955
148
1732
90
631
149
190
64
209
192
294
2374
548
51
60
6977
2956
41
3411
12
41
39
43
3
40
2
2071
2359
18
345
8606
2133
7
275
1975
39
241
5231
189
757
387
335
94
73
261
4977
6585
12
359
715
1331
4313
366
124
903
12
255
6
6
3
2267
8896
54
872
241
821
966
240
597
172
5291
1410
3
96
65
51
42
8
186
830
140
3344
622
357
114
417
58
1215
530
1242
255
20
53
100
509
15
410
1830
100
102
2901
131
788
192
3472
424
37
510
240
92
384
529
817
208
444
445
365
208
552
2783
92
324
64
825
935
10
233
72
227
2837
80
809
220
341
671
807
4102
340
1
12
927
39
2157
369
625
597
228
2116
210
69
5316
443
2131
75
505
70
781
30
396
384
9
355
17539
4180
503
481
5764
182
177
39
6268
477
2448
65
1248
613
12
165
75
148
64
71
1045
8143
135
3
3234
5398
5705
160
1790
136
100
162
3300
819
930
305
308
5800
4430
274
2130
5373
105
486
13
1068
378
282
259
644
57
4
95
2
50
75
52
30
13
396
344
750
426
312
156
59
828
14
2
6610
6642
184
6534
1026
226
2890
431
64
212
2504
7350
6
1098
10
5783
133
469
123
1675
1449
219
285
683
1843
1520
13
150
2101
75
44
336
9760
6881
12
171
7345
1165
198
78
7
4952
348
8
2438
210
14
264
141
2475
4587
3413
246
5452
475
61
48
70
271
8168
8493
9
4
240
3799
1003
8253
315
90
2180
205
212
1333
1
479
2
310
128
3
343
145
447
3321
470
7408
5015
217
2010
284
7913
9
153
1934
1516
496
42
77
234
6418
3203
157
55
222
4
464
4375
101
99
83
1219
5319
224
527
1025
329
4233
8
1053
7897
2897
71
300
644
1800
346
5
460
327
2045
1620
14
99
3355
77
9391
62
831
176
9
78
67
5
337
317
818
13784
300
1546
319
56
1540
2287
171
342
1265
807
52
1925
1589
67
5391
171
4764
454
169
398
3921
873
8869
1506
309
436
6468
323
285
325
1691
13294
10
40
104
11
825
3393
2405
13400
828
2165
645
54
654
11802
2583
324
2901
192
92
123
90
376
45
50
45
6239
2200
171
66
208
259
348
1040
227
528
5724
309
226
507
4283
1932
531
95
1536
260
2020
842
387
601
95
326
8766
1926
4763
354
1616
10203
76
105
10
252
2751
8814
1270
957
279
315
66
533
5
3294
50
327
366
4265
380
1487
1100
1659
286
61
359
2601
4466
3220
75
40
452
5060
476
3259
678
6082
214
192
319
33
448
534
89
9
120
309
652
833
251
14
83
2702
217
118
428
306
60
308
9027
723
281
303
362
721
178
920
308
58
151
9
741
308
684
2392
2162
599
2068
329
192
3569
297
8915
161
193
86
88
6458
2775
9422
1025
36
5
600
5691
1628
2670
3664
129
150
327
79
69
2400
303
440
10
3909
155
2322
42
881
5118
3
256
38
6
15
57
195
161
17
893
751
283
13
600
9187
7052
93
136
1197
396
341
8
16
7
40
11
5
42
267
3432
2718
2654
357
8
132
2
5834
71
2182
1395
61
4597
2525
558
286
97
825
6
2659
5315
381
330
341
356
555
282
76
94
653
14
2396
11051
991
448
158
929
12
3806
182
1041
141
1708
144
13
5992
1365
346
53
2366
415
10306
1102
245
6
577
404
7597
5639
537
153
48
1040
15954
186
447
2405
75
271
96
691
710
788
88
122
3658
108
47
5579
985
3547
1352
12
3251
93
896
56
7998
173
324
3229
4132
121
83
704
4298
241
654
3332
87
15
50
32
67
35
995
128
629
205
6740
2334
8072
60
327
171
4252
3056
250
1999
580
1984
51
13
8
5153
74
203
4608
154
234
1230
89
375
134
257
410
1520
47
11530
5984
1325
748
439
12294
45
167
8617
75
3484
13
82
30
3068
1
13169
434
57
18
510
1423
6
282
430
2363
108
165
7
191
7
7
11
106
2240
11
8
728
5176
208
292
7780
3349
421
13
5
1133
260
6191
216
447
2
14
8
5
3702
6698
669
1663
14
379
2340
453
125
827
59
685
13610
9438
7029
5992
3995
1868
102
170
3094
365
345
1892
108
270
2098
4625
66
4
1297
30
2514
1700
276
3178
189
2537
552
1286
3345
356
1043
790
66
11
11
8201
11
13310
128
200
420
244
34
1100
1100
210
1501
13
114
601
631
324
824
46
256
780
332
1958
1579
365
41
5583
46
33
206
62
3
586
207
14
14038
4
1350
9
405
163
46
317
201
574
1374
35
126
829
451
51
5003
938
272
205
128
3988
277
174
352
3689
11776
71
729
2142
1827
112
410
2296
4318
94
6544
1950
2137
173
406
119
1425
513
433
187
2510
86
84
6418
4698
4713
3409
825
69
261
439
3177
3465
11305
4183
4475
3126
93
210
99
112
9427
4
998
4480
246
70
5
283
28
15
50
4
3594
19808
207
5451
13
373
215
180
725
59
426
300
1827
2472
494
13
10008
9
76
663
2829
2499
7454
321
1291
66
142
1
1028
97
72
329
633
1026
2832
1900
817
57
3728
90
113
970
261
31
840
77
600
110
14
1358
3785
477
2268
1663
5814
106
67
250
525
432
3985
517
1360
677
383
922
225
2952
862
1
7761
82
2652
341
52
539
110
147
2381
4924
40
14183
2
677
40
491
13
10
8
915
12
295
7
79
3297
105
8657
411
53
1259
2293
558
523
503
160
305
108
2526
8529
488
20
10
54
4873
1108
653
1003
1203
204
111
12
279
2
4605
1061
36
1166
37
3151
209
184
1037
1
3210
255
4
205
65
47
134
477
4331
7
450
446
566
12
294
110
3864
591
7
524
8065
3159
82
190
8148
6192
159
292
145
1443
291
14
38
116
528
2035
488
34
107
202
439
237
430
1028
5553
670
41
152
390
6077
2043
101
1356
5
210
73
187
10073
3306
429
11321
710
30
29
52
58
7
4190
7412
240
210
4435
61
717
67
211
768
151
13
2831
4613
775
770
290
666
316
35
4180
3320
38
1190
42
54
205
406
15
220
1231
220
509
1
2424
368
215
174
4139
90
745
1082
219
3160
434
704
218
41
1719
2
4283
3537
222
264
2445
3415
330
44
546
201
8
346
8193
2638
2540
5360
175
230
2978
144
3150
401
164
61
2024
2053
76
45
43
5147
5527
673
179
1030
317
9
12588
1979
167
1
206
193
54
572
40
2
84
1954
856
128
265
166
406
623
353
265
7421
2966
3905
177
6
9692
389
2273
369
418
1313
313
141
12
4146
137
5007
133
11
80
1632
30
78
8
8
205
1319
517
7398
554
5133
348
8814
305
61
108
11
589
193
160
15258
456
1339
4714
34
763
501
160
13
191
239
2
7325
218
87
2281
7
5380
1345
130
107
12
437
299
87
90
2055
2952
1198
143
168
154
277
22
6
357
1853
326
476
33
79
8558
253
13
10712
288
163
134
64
78
283
537
120
11433
8572
52
55
129
45
31
8
191
193
274
7316
87
2684
145
700
2987
15
8986
177
466
4418
3
4
3500
4556
21
646
52
269
235
11
14
76
520
7484
184
769
5
144
140
206
129
62
81
7762
518
319
2905
628
2244
843
132
77
15
13136
2069
74
185
1326
70
50
3516
325
282
88
465
8
4008
46
771
40
433
463
548
206
563
473
62
7439
435
2198
3340
212
6014
30
58
3937
672
330
1309
1307
70
2104
4681
8
104
233
862
330
78
212
17444
130
542
161
377
200
371
1
4
9
6300
91
500
697
82
107
283
328
9399
2880
692
445
3130
842
34
4
1691
716
2241
172
40
302
278
286
5418
5054
41
8118
411
198
733
2115
2154
196
734
382
21506
173
1794
21786
121
164
158
3484
2941
3136
182
341
10
6908
224
14
535
136
40
934
102
10
179
117
332
3154
266
14115
5008
275
3870
344
59
736
1118
6618
420
530
1158
104
469
63
71
1379
1939
437
121
1906
135
11189
335
62
204
7763
516
94
541
2475
220
5582
301
250
68
2620
1457
10925
1691
382
282
999
5519
50
123
211
1
7611
8428
29
2468
1818
6223
7414
2006
284
279
325
15
265
162
229
4847
1280
57
291
3814
36
15
65
1707
1563
842
467
744
2871
13
7318
6824
48
1901
5462
47
153
4250
40
1066
7
11
1010
147
1485
370
370
5188
139
275
457
8
2927
74
316
2418
1010
42
39
710
593
60
848
211
4679
61
37
9
390
6
7
20
188
206
682
10344
40
1204
369
135
37
86
4125
158
2649
191
5935
271
63
245
322
15
1636
765
1914
10
842
225
149
70
250
277
350
528
989
490
933
29
5711
179
97
141
65
2903
536
471
1305
37
133
281
83
2428
2
15245
119
579
279
700
1253
170
787
274
2504
5763
101
6577
327
480
110
222
3202
54
164
29
153
152
4667
6660
31
141
185
138
997
19
358
2629
1105
420
255
341
215
5241
2
40
77
813
93
8
91
929
2446
717
80
284
1573
103
682
3045
2672
1630
44
2529
878
133
142
2759
105
13
72
3106
8
491
380
94
111
16414
661
2732
102
9
1199
221
331
400
237
211
6066
233
83
13
7
200
86
79
136
28
3374
560
68
1548
871
2941
258
195
598
93
122
122
176
312
1074
4641
2834
2402
1172
161
13
444
8
973
3163
316
65
107
263
2677
125
3231
150
56
3842
3902
471
1525
173
238
11
355
979
1199
59
75
192
5225
5032
869
2
50
11
72
8151
934
199
64
134
1035
252
272
505
49
863
178
7
367
167
119
690
214
4690
514
42
671
287
247
29
50
8
355
111
107
407
14
146
5273
1667
91
918
445
235
51
33
396
3886
69
607
3388
346
442
7272
2945
3500
8385
72
245
67
73
73
12
50
228
125
3955
1488
603
155
56
119
2
350
2046
6
573
663
1846
213
7454
256
219
49
43
761
36
3547
174
3032
116
132
306
344
1090
8855
411
255
138
411
431
55
561
1673
235
87
12
5403
93
70
3163
292
15
2791
349
228
1101
186
101
463
153
4402
131
2884
249
635
154
2337
251
10
649
185
3497
8459
68
11
165
11
9
2418
1081
610
49
235
671
379
46
5674
62
40
317
3349
4718
179
718
6706
747
500
194
4749
477
8426
766
3180
3642
511
101
73
548
273
177
97
209
109
545
3748
100
1306
129
7124
999
633
483
378
1701
183
124
160
94
705
61
172
168
78
243
8904
3834
2050
75
453
157
236
36
14605
266
521
314
117
1023
410
187
56
7
354
7
66
51
1309
1
14
1991
167
121
6432
43
475
6181
241
1757
90
4729
543
242
3894
300
250
34
253
2741
1555
21
981
154
3379
73
25
1113
100
141
780
597
1216
6423
231
3489
140
126
130
726
200
185
1660
346
3
367
49
907
146
40
9269
3688
42
1114
3
363
1074
55
74
1779
39
7
171
39
216
2647
2011
749
212
406
471
52
11
10076
56
55
7222
3662
55
1635
3611
13
600
251
280
5
34
8805
422
3233
1593
375
222
349
204
493
125
220
4298
1602
199
2973
259
1486
217
743
331
2613
645
678
372
490
313
217
3
5651
3891
1607
296
291
79
2543
89
59
47
1137
60
13
91
311
36
261
417
6359
91
230
364
146
2984
66
40
265
89
7
89
215
140
513
65
11213
152
2102
867
56
14
8
120
554
408
103
24
703
4726
1267
185
759
421
64
1097
275
1306
113
6
6139
34
61
74
319
73
1239
177
4674
95
1713
373
182
165
1972
12
2862
96
139
365
1248
18632
208
48
578
86
533
689
436
15
181
2235
294
8418
464
69
32
2836
3288
14
170
4
182
4263
242
128
308
269
77
274
112
608
94
137
401
139
659
74
314
439
1911
256
6189
705
294
5333
10154
1104
72
332
300
1112
228
324
533
174
2461
5
742
391
1699
1913
1889
128
11554
2047
729
2025
161
14
1205
140
12
88
6021
201
2267
2102
304
103
2167
3359
70
93
908
4224
127
6717
2992
342
1147
335
4185
2696
2636
201
2707
371
2
2
2
1
5103
607
196
47
105
127
3796
413
65
60
110
6061
343
5810
5
54
3781
6
1526
98
547
544
58
322
156
1336
45
105
8441
899
8689
77
139
147
40
335
188
32
1584
379
704
183
202
2989
14
371
10
164
81
454
106
1350
4179
369
160
320
8117
1052
3648
466
323
1975
1031
497
346
1280
458
821
2310
490
174
450
341
96
3445
137
1366
808
53
3
74
4153
1797
124
7940
644
319
78
319
569
194
201
456
755
66
30
157
7465
2330
282
172
5619
535
206
393
7
600
260
948
6907
141
44
618
6
40
2579
404
888
70
91
40
288
228
82
2666
3626
41
2588
438
2282
1964
55
3
1056
197
174
1773
491
480
209
430
1357
145
495
1704
728
7154
153
79
12
313
993
2318
86
225
286
3097
427
6016
7
4
972
205
10
200
3
582
347
10
24
4323
552
509
3262
4959
225
14
10
6439
1948
691
9860
28
4656
8
66
17
39
316
6879
601
276
959
54
3143
1148
2027
4148
337
11
233
2883
12
245
14
4470
2917
341
278
2005
3524
303
43
169
725
5064
424
4900
10
1850
89
57
209
116
441
3553
116
257
522
234
71
2293
76
788
515
733
4774
7
1606
116
12
5
3
128
138
74
165
33
3110
161
2127
3820
2191
1798
494
3332
562
524
208
5355
36
369
1483
6871
7964
35
1048
95
140
114
255
153
9
376
10
194
126
184
2488
452
15
111
2673
13
260
878
44
3761
70
136
1672
169
394
467
2067
4959
573
136
108
63
830
830
11861
1814
251
985
78
1340
135
151
12
28
184
84
34
242
236
11
5382
300
3103
118
4016
6684
8635
127
6953
3056
38
124
68
2085
62
98
61
1483
981
1353
64
294
6
2933
1
2399
223
81
143
365
1864
5670
240
192
557
1755
10040
268
59
306
776
4181
2332
229
460
3603
420
561
170
187
759
59
57
54
1
596
5119
105
154
1532
5768
82
176
1700
311
8
844
4141
501
216
7142
136
38
10
219
816
2002
337
4832
109
157
996
3553
121
356
690
1788
439
606
7
6017
42
1112
138
765
338
92
319
179
413
138
2
526
2761
475
294
5323
10
12
9
58
30
572
860
8
41
8683
168
186
8611
64
1247
198
307
9
120
292
36
122
398
120
13
234
727
9
1841
109
517
170
532
82
5145
495
4454
402
226
217
6893
889
3029
15
891
1686
253
403
3972
206
1420
45
1223
463
278
2
9
205
37
83
693
6954
58
8
3082
916
524
1311
1924
365
10439
3532
457
102
328
769
56
1871
1359
1551
1477
1466
3197
412
365
133
9
146
86
135
246
166
499
23
1690
893
112
15
74
778
275
4336
135
8
50
414
1612
544
3054
204
11
68
8
124
2920
81
1029
1010
3534
285
76
622
211
65
74
2666
945
3066
60
188
493
10
397
394
1198
74
4732
56
1395
2768
3747
70
602
14
3
3
6
168
724
93
1371
1748
917
3987
2595
4548
219
63
101
689
122
37
33
1693
185
1239
7383
321
241
318
1232
8106
8
10
7
1021
1040
534
347
5
169
1160
9
3660
51
106
9
4350
4515
1074
1631
450
59
225
727
1192
737
2687
56
329
2372
164
11695
2271
5871
48
100
204
713
79
255
296
3769
114
170
2963
346
62
58
3814
2137
185
13
8
64
94
3789
393
2184
292
1108
7
347
2471
47
4
28
66
127
85
604
121
310
7
3878
4
44
255
229
6004
211
100
245
714
45
4
5585
372
47
2349
2969
387
1258
8
433
989
177
3809
90
62
4632
15
59
11
219
1629
440
296
75
461
7649
46
410
10
2725
330
255
7050
394
231
184
5
6116
4214
3
6241
45
143
8
56
659
249
38
5
3250
1010
450
366
259
204
60
13
3587
4285
2266
3609
11
37
262
313
204
7367
8215
121
358
7302
2653
411
2409
365
61
309
4123
1244
508
2269
1674
1337
5181
237
4969
993
5
844
4
86
94
166
990
8055
1818
701
629
133
4025
3415
6758
436
3366
502
349
354
226
13
1432
82
76
39
73
675
54
17
45
377
124
1322
9
329
445
509
227
8123
55
135
907
168
443
547
7
1832
250
27
51
143
270
741
4269
470
132
437
3435
1887
136
14
56
2451
4583
551
1
282
7941
275
588
12415
14
596
2500
1061
1470
9
370
1573
258
255
538
579
533
7310
23
11460
272
3397
62
156
251
384
14
82
3600
490
9073
5
1184
15
10937
154
72
49
88
671
374
59
32
210
280
4477
109
72
97
4304
1006
64
1307
5398
166
1
200
77
473
817
322
583
4103
553
705
31
375
1046
271
455
97
78
4357
7222
8
76
3160
414
94
613
6653
654
568
688
334
6139
3
79
5
101
1006
484
1
7584
69
626
1089
5462
5624
100
7
112
53
1141
143
320
13
148
213
235
4647
1194
197
6541
46
3016
86
70
8970
1839
414
1724
160
216
8948
268
7925
6
64
96
4477
100
53
227
16101
83
157
13
5922
77
3257
469
105
472
5
339
3556
300
780
631
38
434
351
36
3203
232
11893
2670
563
739
79
108
146
82
2007
51
1132
492
1
669
122
201
85
34
12
33
11
5
3847
1763
9
8
489
6
48
55
284
113
180
6
164
14133
430
54
2293
77
13
75
92
4735
3611
5925
62
2062
5
63
56
277
43
1028
197
298
6565
10076
384
1083
6029
9
421
182
1705
550
169
1557
151
10466
2115
1706
358
19
639
1038
175
10
14
103
1098
388
3077
156
10
270
378
10
15
4337
1468
124
229
553
304
1146
49
470
47
602
254
2874
473
389
146
1480
14
12
131
247
809
244
2
10
20
102
168
3497
221
8150
6
432
13
2
183
1663
227
466
8280
13266
8
382
872
462
12880
64
3759
155
248
330
1838
482
570
228
12790
138
3093
5007
8961
433
1280
4184
729
31
131
364
49
96
482
1288
299
61
227
6237
1444
77
498
10
1406
9
36
63
58
1590
10508
62
1652
359
440
477
122
82
2022
2155
400
665
10
97
406
14
7
917
387
1314
189
177
60
446
836
639
3714
235
399
486
709
116
75
48
3087
124
488
690
15
2692
12
7728
10338
299
1372
11
293
14
468
101
233
65
6211
424
4
550
300
2
121
42
724
6103
1535
1081
618
108
274
45
3
2564
154
42
1348
2109
3840
2087
659
37
90
208
3323
1193
311
44
12
40
722
175
51
32
11
9
3101
1607
139
807
240
60
441
647
2461
182
90
616
1411
376
593
4
1585
123
129
85
632
301
1387
2513
1454
2891
15278
182
374
166
336
482
1395
10889
9462
93
3
430
24
1661
791
148
412
1914
2332
1736
158
7455
375
1081
53
5
49
46
3431
10851
95
85
12
101
156
5
935
1175
231
4
3
114
111
90
5
460
345
321
359
15
577
4232
561
10094
224
10
8365
11
696
32
1453
134
300
483
221
485
6015
204
167
47
2815
110
240
796
331
11738
149
121
217
164
11555
3
3783
1241
12
3098
429
559
212
78
279
33
70
478
252
2678
610
201
236
92
15
503
223
104
600
2700
172
317
243
26
73
385
281
7
66
7
112
220
183
53
7
5137
14
467
2807
962
78
871
526
1167
13
270
2802
13
1117
186
255
47
41
1429
82
58
61
12
47
5
1
708
15
4823
1758
2
9
162
3
1219
316
13
1829
10
130
138
704
37
396
12
14
374
319
411
2311
1166
2309
254
348
1906
1173
1298
767
139
677
3107
1537
446
