1001
1001
1004
1004
1008
1008
1014
1014
1018
1021
1021
1024
1026
1027
1031
1031
1033
1035
1036
1041
1046
1046
1047
1048
1049
1050
1053
1054
1058
1063
1063
1069
1080
1081
1083
1086
1088
1088
1089
1089
1089
1089
1091
1093
1093
1094
1096
1097
1097
1098
1099
1099
1099
1099
1105
1106
1109
1112
1112
1115
1115
1117
1117
1121
1122
1122
1122
1128
1129
1131
1131
1131
1132
1135
1140
1141
1141
1141
1142
1142
1143
1144
1146
1149
1151
1153
1153
1157
1157
1159
1159
1159
1161
1162
1163
1163
1164
1166
1166
1168
1168
1171
1173
1175
1178
1179
1180
1181
1184
1185
1186
1186
1187
1187
1188
1188
1190
1191
1192
1193
1195
1195
1200
1201
1203
1204
1205
1205
1206
1209
1210
1213
1214
1217
1218
1219
1223
1224
1224
1225
1227
1231
1232
1234
1235
1237
1237
1238
1243
1243
1247
1247
1249
1249
1251
1252
1254
1254
1254
1259
1259
1265
1265
1267
1267
1273
1276
1276
1281
1282
1282
1282
1286
1287
1289
1292
1293
1293
1294
1295
1299
1299
1301
1302
1302
1308
1309
1309
1311
1312
1312
1315
1316
1316
1317
1319
1320
1321
1321
1322
1324
1324
1328
1328
1330
1330
1331
1332
1333
1333
1338
1339
1343
1345
1346
1348
1349
1351
1352
1352
1352
1354
1355
1355
1355
1356
1358
1359
1359
1359
1360
1360
1360
1362
1363
1364
1364
1365
1366
1368
1371
1373
1376
1378
1379
1379
1387
1389
1389
1390
1390
1390
1391
1391
1395
1398
1399
1399
1399
1400
1400
1400
1400
1400
1404
1404
1405
1405
1405
1410
1411
1411
1414
1414
1414
1416
1419
1420
1420
1424
1425
1426
1428
1429
1429
1431
1433
1434
1436
1436
1436
1436
1437
1437
1438
1438
1438
1442
1442
1443
1444
1444
1445
1446
1447
1448
1449
1449
1449
1451
1451
1451
1452
1454
1454
1456
1459
1460
1460
1462
1464
1465
1465
1466
1467
1468
1470
1471
1474
1474
1475
1478
1479
1480
1480
1481
1482
1482
1483
1483
1486
1486
1489
1491
1491
1491
1492
1494
1496
1497
1498
1499
1499
1500
1501
1502
1502
1502
1502
1502
1503
1503
1506
1507
1510
1511
1513
1513
1514
1514
1515
1516
1519
1519
1519
1520
1520
1521
1521
1522
1522
1525
1526
1527
1529
1532
1535
1536
1538
1539
1540
1542
1543
1543
1547
1550
1552
1553
1555
1558
1559
1560
1560
1563
1565
1571
1571
1573
1573
1574
1574
1575
1576
1576
1577
1578
1579
1579
1579
1581
1583
1584
1588
1588
1589
1593
1594
1595
1595
1598
1599
1600
1601
1601
1602
1602
1604
1606
1607
1607
1608
1613
1614
1619
1623
1623
1624
1626
1627
1627
1628
1628
1629
1631
1633
1634
1635
1636
1637
1640
1644
1645
1646
1647
1647
1647
1648
1649
1649
1650
1653
1654
1656
1659
1659
1660
1662
1663
1665
1666
1667
1667
1668
1671
1680
1681
1682
1687
1687
1687
1688
1690
1691
1691
1694
1696
1696
1697
1697
1698
1698
1701
1703
1706
1708
1710
1711
1712
1713
1713
1715
1717
1719
1719
1719
1722
1726
1727
1729
1729
1729
1730
1731
1731
1735
1736
1736
1738
1741
1742
1743
1744
1744
1745
1745
1747
1748
1749
1749
1751
1752
1752
1753
1754
1754
1757
1757
1760
1761
1765
1766
1767
1768
1768
1771
1771
1771
1773
1773
1776
1776
1777
1778
1778
1779
1780
1780
1782
1784
1787
1787
1787
1788
1793
1794
1794
1795
1795
1798
1799
1800
1800
1801
1806
1806
1806
1811
1812
1818
1819
1823
1823
1825
1826
1826
1827
1833
1836
1837
1840
1840
1840
1843
1843
1846
1847
1848
1849
1849
1849
1851
1851
1851
1851
1851
1852
1853
1854
1855
1856
1856
1856
1859
1859
1864
1864
1866
1869
1870
1870
1875
1875
1876
1880
1881
1881
1881
1886
1888
1888
1891
1894
1894
1896
1897
1898
1899
1900
1901
1903
1904
1904
1906
1906
1906
1908
1912
1912
1915
1915
1918
1919
1919
1921
1921
1921
1923
1923
1923
1925
1927
1927
1928
1928
1929
1929
1930
1931
1932
1934
1934
1935
1938
1938
1938
1939
1941
1941
1942
1945
1945
1947
1947
1948
1949
1950
1951
1952
1952
1954
1954
1954
1956
1960
1960
1961
1963
1965
1966
1967
1969
1971
1972
1972
1978
1979
1979
1980
1980
1985
1986
1986
1986
1988
1991
1994
1997
1997
2001
2002
2003
2009
2012
2014
2014
2016
2017
2018
2018
2019
2020
2020
2021
2023
2023
2029
2030
2030
2031
2031
2032
2032
2034
2038
2039
2041
2043
2043
2043
2045
2047
2049
2051
2052
2054
2054
2054
2056
2056
2057
2058
2060
2060
2061
2062
2063
2066
2069
2069
2071
2073
2073
2073
2076
2077
2077
2077
2077
2079
2079
2081
2081
2081
2082
2082
2084
2085
2088
2090
2092
2094
2103
2105
2109
2111
2113
2113
2114
2117
2118
2118
2125
2126
2127
2128
2129
2131
2132
2136
2139
2140
2141
2141
2142
2146
2147
2149
2152
2153
2153
2154
2156
2156
2157
2158
2158
2158
2164
2170
2170
2175
2179
2182
2182
2185
2186
2187
2187
2188
2190
2191
2193
2193
2198
2200
2200
2203
2203
2207
2208
2208
2209
2210
2211
2211
2212
2212
2212
2213
2213
2213
2213
2213
2214
2215
2216
2219
2219
2220
2220
2221
2222
2223
2223
2224
2225
2226
2226
2228
2231
2233
2235
2236
2240
2241
2242
2242
2243
2246
2247
2250
2251
2251
2252
2254
2254
2254
2255
2255
2258
2259
2263
2263
2264
2267
2270
2272
2274
2274
2277
2278
2279
2280
2283
2286
2287
2288
2290
2290
2293
2298
2299
2301
2303
2305
2307
2308
2310
2312
2313
2315
2315
2315
2315
2318
2319
2327
2329
2330
2330
2332
2333
2337
2338
2339
2342
2347
2348
2349
2349
2352
2353
2354
2355
2355
2361
2363
2368
2368
2370
2370
2372
2374
2377
2383
2386
2386
2387
2389
2389
2389
2389
2395
2396
2397
2398
2398
2399
2402
2405
2405
2406
2408
2413
2414
2416
2416
2419
2419
2419
2421
2421
2421
2422
2422
2425
2426
2430
2432
2436
2437
2438
2438
2444
2445
2445
2449
2450
2451
2454
2457
2458
2459
2460
2466
2467
2468
2470
2470
2471
2472
2473
2474
2477
2477
2483
2484
2486
2486
2486
2488
2491
2491
2492
2493
2495
2496
2497
2499
2499
2500
2501
2502
2502
2503
2503
2504
2507
2508
2511
2512
2515
2518
2523
2524
2525
2525
2532
2534
2536
2540
2541
2542
2542
2542
2543
2545
2546
2547
2547
2549
2549
2550
2550
2550
2552
2554
2554
2555
2556
2558
2559
2559
2559
2562
2562
2562
2563
2566
2567
2568
2568
2571
2571
2573
2575
2575
2575
2576
2577
2578
2579
2581
2582
2584
2589
2590
2594
2595
2596
2600
2601
2601
2603
2603
2603
2605
2607
2609
2610
2612
2612
2613
2614
2617
2618
2620
2623
2624
2625
2626
2627
2629
2629
2629
2634
2636
2638
2641
2642
2642
2642
2643
2648
2650
2652
2652
2652
2653
2657
2661
2662
2663
2664
2666
2666
2668
2670
2671
2674
2677
2678
2679
2679
2679
2680
2682
2685
2688
2689
2689
2689
2692
2693
2694
2695
2698
2700
2700
2701
2704
2704
2707
2708
2709
2710
2711
2713
2718
2721
2722
2724
2724
2725
2726
2726
2727
2728
2728
2728
2730
2732
2734
2736
2739
2739
2739
2740
2742
2745
2748
2749
2749
2749
2750
2752
2753
2753
2754
2757
2757
2757
2759
2762
2764
2767
2768
2771
2771
2772
2772
2774
2775
2778
2781
2782
2783
2785
2791
2792
2794
2795
2798
2800
2801
2801
2801
2802
2803
2812
2814
2814
2815
2815
2816
2816
2818
2818
2818
2820
2821
2827
2828
2828
2830
2834
2834
2836
2837
2837
2845
2846
2849
2849
2852
2853
2853
2854
2854
2857
2857
2857
2857
2859
2861
2862
2862
2863
2863
2863
2867
2870
2871
2872
2874
2876
2877
2877
2877
2878
2879
2880
2881
2883
2886
2887
2887
2888
2889
2889
2889
2889
2891
2892
2892
2893
2893
2894
2895
2895
2896
2897
2898
2899
2901
2903
2904
2905
2905
2907
2909
2911
2911
2911
2912
2912
2913
2915
2916
2916
2919
2920
2920
2921
2922
2925
2927
2931
2932
2933
2936
2937
2939
2941
2942
2947
2949
2951
2956
2960
2960
2960
2963
2967
2967
2968
2969
2970
2971
2972
2973
2979
2982
2985
2986
2987
2988
2990
2994
2997
3004
3007
3009
3010
3010
3011
3011
3016
3017
3018
3019
3021
3021
3022
3024
3025
3025
3030
3034
3036
3036
3038
3039
3040
3040
3041
3042
3043
3044
3045
3045
3046
3047
3048
3053
3054
3057
3058
3059
3060
3061
3063
3065
3074
3074
3076
3077
3079
3082
3083
3085
3085
3085
3086
3088
3093
3093
3095
3096
3100
3101
3107
3108
3108
3112
3113
3114
3115
3115
3116
3117
3118
3120
3123
3123
3123
3124
3124
3124
3125
3125
3128
3132
3132
3133
3134
3135
3135
3135
3136
3137
3138
3138
3140
3143
3146
3147
3153
3158
3160
3161
3162
3163
3164
3165
3166
3166
3168
3169
3170
3171
3171
3172
3176
3180
3183
3185
3189
3190
3190
3191
3192
3195
3201
3201
3205
3206
3210
3213
3215
3216
3217
3217
3217
3217
3218
3220
3221
3222
3223
3226
3226
3228
3229
3234
3238
3238
3238
3239
3241
3241
3251
3251
3251
3262
3262
3262
3265
3266
3267
3269
3270
3276
3276
3278
3279
3280
3281
3283
3284
3289
3290
3293
3295
3298
3299
3302
3302
3302
3307
3307
3313
3315
3318
3319
3319
3321
3321
3324
3325
3326
3326
3326
3329
3330
3332
3332
3335
3336
3337
3338
3338
3340
3341
3342
3342
3344
3348
3350
3350
3355
3359
3360
3361
3362
3362
3363
3363
3364
3369
3370
3371
3373
3374
3377
3379
3379
3380
3383
3387
3389
3390
3395
3396
3396
3397
3397
3399
3403
3404
3404
3406
3410
3411
3413
3414
3416
3419
3422
3432
3435
3435
3439
3443
3444
3446
3447
3447
3451
3453
3455
3458
3459
3460
3467
3467
3468
3468
3474
3475
3477
3478
3479
3479
3480
3481
3481
3483
3483
3486
3497
3504
3509
3510
3510
3512
3514
3515
3516
3517
3526
3529
3532
3533
3535
3535
3537
3541
3542
3543
3546
3550
3555
3558
3561
3561
3570
3571
3574
3574
3575
3576
3579
3580
3581
3581
3582
3583
3591
3595
3600
3603
3606
3611
3618
3620
3621
3625
3628
3638
3639
3640
3640
3641
3641
3642
3645
3646
3646
3651
3653
3655
3656
3657
3659
3661
3661
3662
3663
3664
3665
3665
3668
3669
3670
3672
3672
3675
3675
3676
3677
3680
3686
3688
3690
3691
3691
3699
3703
3703
3706
3706
3709
3710
3714
3720
3721
3722
3724
3726
3726
3727
3727
3730
3731
3732
3732
3736
3736
3737
3739
3740
3741
3743
3744
3745
3746
3748
3749
3749
3749
3752
3752
3753
3753
3755
3757
3759
3764
3766
3767
3769
3769
3771
3772
3772
3773
3774
3774
3776
3777
3777
3778
3778
3779
3782
3782
3785
3786
3786
3787
3790
3791
3793
3799
3799
3800
3801
3802
3802
3803
3804
3804
3807
3811
3814
3816
3817
3818
3819
3822
3822
3822
3825
3829
3830
3834
3835
3835
3835
3836
3838
3845
3848
3852
3853
3858
3858
3858
3859
3870
3870
3873
3882
3885
3887
3888
3888
3888
3896
3897
3899
3900
3902
3903
3904
3904
3905
3905
3911
3911
3913
3914
3916
3918
3918
3919
3919
3922
3924
3927
3927
3927
3929
3929
3930
3932
3933
3933
3934
3934
3938
3941
3942
3942
3944
3944
3944
3946
3951
3952
3956
3957
3958
3960
3961
3965
3965
3965
3970
3976
3978
3979
3979
3980
3983
3985
3985
3986
3986
3990
3992
3996
3997
3997
3998
3999
4003
4004
4014
4016
4021
4027
4029
4032
4033
4036
4037
4044
4044
4045
4046
4048
4050
4052
4053
4054
4056
4057
4058
4062
4068
4068
4069
4072
4076
4079
4080
4082
4083
4084
4086
4088
4089
4090
4090
4091
4092
4092
4093
4094
4098
4106
4106
4113
4114
4118
4125
4132
4133
4134
4136
4138
4146
4152
4159
4161
4163
4168
4169
4170
4173
4174
4176
4177
4177
4182
4186
4190
4192
4194
4197
4197
4204
4205
4207
4210
4212
4215
4218
4219
4221
4229
4231
4233
4233
4234
4237
4242
4244
4253
4257
4257
4258
4260
4260
4263
4268
4268
4275
4276
4283
4284
4287
4288
4290
4290
4290
4293
4295
4295
4296
4299
4300
4300
4300
4307
4309
4313
4316
4317
4318
4320
4323
4327
4330
4332
4332
4335
4339
4345
4347
4348
4349
4350
4351
4354
4355
4357
4358
4360
4361
4364
4369
4371
4377
4380
4385
4396
4397
4398
4399
4399
4401
4407
4408
4409
4409
4414
4414
4419
4421
4422
4422
4423
4425
4429
4438
4439
4441
4443
4447
4469
4470
4474
4475
4476
4483
4483
4487
4492
4493
4494
4500
4501
4502
4504
4513
4514
4515
4515
4516
4522
4527
4527
4527
4533
4534
4537
4542
4543
4543
4544
4546
4549
4553
4553
4556
4557
4557
4562
4567
4569
4574
4576
4577
4580
4589
4593
4596
4596
4596
4602
4609
4612
4613
4614
4615
4617
4618
4620
4622
4623
4624
4625
4632
4634
4638
4640
4640
4642
4645
4646
4646
4647
4647
4648
4659
4660
4662
4663
4663
4664
4666
4667
4673
4680
4687
4688
4689
4690
4695
4695
4695
4697
4700
4703
4706
4710
4717
4717
4721
4722
4725
4725
4726
4728
4729
4732
4735
4737
4746
4748
4754
4756
4760
4764
4768
4768
4769
4773
4774
4775
4777
4783
4783
4789
4792
4793
4794
4794
4795
4796
4808
4808
4808
4808
4810
4811
4818
4818
4823
4823
4824
4826
4827
4827
4829
4831
4836
4836
4837
4842
4842
4847
4848
4849
4855
4856
4862
4869
4869
4872
4875
4878
4878
4882
4884
4890
4891
4891
4891
4896
4897
4900
4900
4901
4903
4906
4908
4908
4920
4920
4922
4924
4925
4925
4926
4926
4931
4934
4935
4940
4942
4943
4947
4948
4948
4948
4950
4954
4955
4958
4964
4969
4973
4974
4974
4978
4980
4981
4986
4987
4987
4989
4993
4995
5001
5004
5008
5009
5010
5011
5011
5012
5017
5032
5034
5035
5037
5038
5043
5043
5046
5050
5052
5053
5056
5057
5059
5061
5074
5074
5079
5079
5082
5087
5087
5088
5089
5096
5096
5104
5106
5111
5111
5118
5119
5120
5124
5129
5129
5130
5130
5132
5133
5133
5135
5135
5137
5138
5143
5145
5147
5150
5151
5154
5155
5157
5177
5189
5191
5193
5193
5194
5197
5203
5207
5212
5213
5214
5219
5224
5228
5236
5237
5237
5238
5244
5246
5260
5262
5265
5266
5275
5279
5280
5280
5282
5285
5287
5289
5291
5293
5295
5296
5301
5304
5308
5311
5312
5318
5320
5322
5326
5329
5331
5337
5348
5351
5353
5354
5357
5358
5370
5374
5378
5378
5385
5387
5387
5388
5388
5393
5394
5395
5395
5401
5406
5409
5415
5418
5421
5422
5427
5430
5432
5442
5448
5450
5455
5456
5456
5457
5457
5457
5461
5474
5477
5478
5481
5491
5495
5503
5504
5507
5508
5508
5510
5512
5518
5518
5519
5527
5528
5529
5531
5535
5535
5535
5541
5543
5544
5546
5552
5557
5562
5563
5564
5571
5574
5584
5587
5593
5596
5600
5602
5603
5608
5612
5614
5616
5617
5618
5620
5624
5634
5640
5642
5643
5648
5652
5653
5654
5658
5669
5670
5670
5671
5674
5675
5679
5679
5682
5687
5687
5687
5687
5693
5702
5709
5712
5717
5718
5722
5722
5728
5730
5731
5734
5737
5741
5746
5749
5765
5770
5773
5780
5780
5781
5787
5799
5800
5802
5816
5818
5821
5831
5833
5836
5836
5837
5839
5851
5851
5853
5854
5859
5861
5863
5866
5871
5872
5875
5875
5876
5880
5881
5882
5884
5887
5892
5896
5896
5898
5904
5905
5905
5907
5909
5912
5913
5915
5919
5923
5930
5932
5933
5935
5935
5939
5941
5944
5945
5948
5959
5971
5973
5980
5980
5985
5986
5993
5994
5997
5997
5998
5998
5999
6001
6001
6002
6004
6005
6007
6011
6012
6014
6014
6019
6028
6029
6035
6037
6037
6040
6050
6052
6053
6055
6056
6057
6060
6091
6092
6092
6097
6101
6101
6102
6104
6104
6104
6108
6108
6113
6114
6124
6131
6135
6140
6141
6149
6152
6153
6155
6158
6160
6162
6162
6164
6164
6171
6173
6174
6176
6177
6177
6195
6199
6202
6202
6205
6215
6223
6224
6224
6226
6227
6231
6243
6243
6244
6245
6248
6250
6253
6254
6256
6264
6265
6265
6267
6271
6272
6275
6275
6277
6279
6280
6286
6289
6290
6294
6296
6300
6304
6317
6320
6328
6332
6335
6343
6348
6350
6351
6353
6356
6357
6361
6362
6367
6371
6371
6382
6394
6396
6398
6400
6400
6401
6403
6404
6406
6406
6408
6409
6410
6410
6421
6423
6424
6424
6424
6434
6434
6436
6437
6443
6452
6460
6460
6467
6468
6472
6473
6476
6477
6478
6480
6480
6485
6493
6494
6495
6496
6502
6505
6511
6513
6515
6519
6524
6527
6541
6542
6544
6548
6559
6562
6564
6564
6567
6569
6569
6569
6571
6579
6588
6590
6591
6592
6594
6595
6598
6607
6607
6612
6618
6620
6623
6626
6626
6627
6627
6629
6631
6639
6640
6641
6644
6646
6647
6657
6658
6667
6668
6668
6677
6677
6684
6691
6694
6700
6701
6706
6709
6716
6718
6722
6737
6739
6740
6740
6743
6745
6750
6752
6752
6754
6755
6763
6765
6774
6774
6785
6785
6786
6787
6791
6799
6806
6807
6809
6812
6813
6816
6816
6816
6821
6824
6824
6825
6828
6829
6831
6832
6835
6839
6840
6841
6848
6851
6855
6856
6858
6859
6860
6860
6862
6864
6866
6872
6874
6875
6876
6877
6883
6886
6888
6894
6897
6900
6903
6904
6906
6912
6914
6916
6917
6924
6925
6926
6933
6944
6945
6945
6946
6947
6949
6960
6963
6963
6963
6966
6967
6968
6968
6974
6988
6993
6993
6994
6997
6998
6999
7004
7005
7009
7014
7017
7022
7025
7025
7037
7051
7053
7055
7057
7059
7059
7074
7075
7075
7077
7077
7081
7084
7085
7092
7104
7105
7109
7121
7125
7131
7131
7136
7138
7142
7145
7146
7147
7151
7154
7165
7168
7172
7173
7174
7175
7176
7176
7178
7184
7188
7192
7194
7201
7204
7209
7211
7216
7217
7218
7219
7219
7222
7224
7225
7235
7237
7241
7241
7243
7251
7252
7257
7257
7259
7261
7262
7263
7264
7275
7278
7283
7285
7286
7286
7291
7294
7299
7304
7305
7307
7308
7308
7312
7315
7319
7325
7327
7341
7346
7354
7356
7365
7366
7372
7374
7381
7381
7383
7383
7385
7389
7390
7392
7399
7404
7405
7405
7410
7410
7413
7416
7419
7419
7425
7425
7425
7428
7429
7429
7438
7439
7443
7444
7449
7454
7462
7464
7468
7470
7474
7481
7482
7482
7483
7490
7491
7495
7496
7497
7499
7501
7508
7519
7519
7522
7524
7526
7532
7535
7545
7546
7550
7560
7561
7563
7567
7567
7569
7570
7574
7574
7578
7582
7585
7587
7588
7601
7608
7609
7611
7612
7614
7614
7617
7621
7623
7628
7629
7633
7636
7637
7641
7643
7644
7644
7645
7655
7656
7661
7664
7666
7667
7668
7676
7684
7685
7686
7686
7690
7691
7691
7691
7700
7702
7705
7705
7714
7720
7721
7726
7727
7732
7733
7734
7738
7738
7738
7743
7745
7745
7752
7753
7753
7754
7756
7758
7759
7760
7763
7764
7765
7772
7774
7776
7785
7786
7787
7790
7794
7797
7801
7802
7803
7803
7805
7825
7831
7835
7835
7842
7842
7844
7847
7848
7851
7855
7864
7874
7875
7876
7882
7885
7885
7889
7890
7893
7899
7901
7904
7905
7905
7907
7915
7916
7917
7922
7923
7923
7923
7927
7933
7937
7938
7939
7943
7944
7945
7945
7947
7955
7958
7959
7967
7975
7976
7976
7977
7983
7983
7984
7986
7991
7994
7996
7999
8006
8007
8015
8017
8017
8017
8018
8018
8026
8027
8028
8030
8031
8033
8037
8038
8041
8044
8048
8052
8053
8055
8055
8060
8072
8073
8079
8080
8081
8084
8086
8087
8091
8093
8093
8094
8096
8096
8097
8099
8103
8107
8108
8111
8113
8115
8115
8116
8116
8116
8118
8126
8127
8131
8134
8136
8137
8139
8144
8152
8156
8156
8158
8164
8164
8166
8167
8169
8175
8176
8184
8185
8191
8194
8196
8199
8199
8201
8201
8210
8211
8215
8222
8222
8223
8224
8233
8238
8245
8245
8251
8255
8260
8260
8261
8262
8267
8271
8274
8276
8277
8280
8283
8293
8296
8296
8299
8299
8309
8317
8319
8322
8322
8323
8324
8324
8325
8331
8332
8332
8333
8333
8334
8334
8337
8342
8343
8343
8345
8353
8357
8358
8374
8384
8390
8391
8407
8410
8414
8420
8422
8422
8423
8424
8429
8432
8436
8438
8442
8447
8453
8454
8458
8459
8473
8475
8476
8476
8477
8479
8483
8491
8492
8494
8501
8501
8512
8514
8522
8522
8523
8523
8524
8526
8537
8539
8547
8550
8552
8556
8560
8563
8566
8577
8581
8584
8588
8590
8595
8597
8597
8604
8614
8616
8618
8621
8624
8629
8629
8633
8633
8641
8642
8645
8645
8648
8649
8654
8658
8663
8663
8665
8667
8668
8670
8674
8676
8678
8689
8691
8695
8702
8703
8704
8706
8707
8723
8725
8726
8727
8727
8727
8730
8734
8735
8741
8742
8747
8752
8763
8768
8769
8775
8794
8795
8795
8806
8813
8813
8813
8814
8814
8821
8825
8827
8829
8830
8831
8831
8833
8837
8837
8841
8851
8855
8855
8855
8858
8860
8861
8862
8871
8880
8885
8897
8906
8910
8911
8913
8929
8944
8944
8945
8948
8949
8952
8954
8954
8954
8957
8957
8957
8971
8972
8973
8973
8980
8985
8988
9002
9008
9010
9013
9016
9019
9023
9023
9024
9035
9037
9039
9041
9044
9048
9049
9050
9051
9054
9054
9055
9056
9060
9069
9074
9084
9088
9091
9094
9102
9107
9116
9117
9118
9119
9120
9121
9121
9142
9142
9144
9144
9145
9147
9154
9156
9157
9159
9165
9169
9169
9170
9172
9173
9183
9185
9187
9187
9188
9191
9191
9192
9194
9198
9202
9204
9206
9213
9214
9215
9217
9223
9233
9238
9240
9242
9244
9245
9245
9245
9247
9249
9253
9254
9258
9258
9265
9278
9280
9282
9284
9285
9289
9289
9290
9300
9305
9305
9306
9307
9312
9314
9315
9316
9317
9317
9326
9328
9329
9330
9336
9337
9339
9340
9346
9348
9350
9354
9354
9355
9356
9361
9365
9371
9375
9377
9379
9386
9387
9394
9397
9399
9402
9406
9413
9414
9423
9433
9434
9437
9444
9450
9451
9457
9458
9459
9461
9462
9463
9465
9469
9470
9472
9478
9487
9487
9493
9494
9502
9503
9504
9514
9516
9521
9527
9531
9543
9557
9562
9572
9576
9577
9586
9591
9594
9596
9598
9600
9605
9608
9609
9612
9612
9614
9618
9619
9621
9622
9624
9643
9647
9656
9664
9665
9669
9670
9673
9675
9680
9680
9681
9683
9685
9685
9686
9693
9694
9695
9697
9698
9708
9709
9710
9718
9720
9730
9735
9737
9740
9741
9743
9746
9751
9753
9757
9767
9770
9771
9772
9776
9778
9783
9783
9787
9790
9795
9811
9811
9821
9822
9823
9829
9839
9849
9851
9853
9855
9858
9859
9864
9868
9870
9871
9880
9883
9888
9891
9892
9894
9895
9899
9899
9900
9903
9904
9905
9910
9933
9934
9934
9943
9946
9953
9959
9960
9964
9972
9973
9980
9990
10002
10007
10017
10023
10035
10036
10036
10039
10042
10049
10050
10052
10055
10056
10070
10071
10072
10074
10075
10082
10083
10083
10090
10093
10095
10109
10109
10110
10116
10117
10119
10123
10127
10127
10128
10129
10130
10131
10137
10139
10141
10143
10148
10149
10153
10165
10165
10169
10170
10183
10186
10186
10189
10192
10196
10199
10201
10202
10210
10215
10219
10222
10236
10242
10242
10246
10248
10253
10256
10266
10270
10273
10274
10276
10283
10285
10289
10297
10297
10302
10311
10311
10313
10315
10318
10320
10323
10335
10349
10372
10372
10373
10373
10387
10394
10395
10396
10401
10405
10406
10415
10429
10432
10437
10446
10451
10455
10458
10459
10460
10462
10465
10470
10475
10477
10480
10485
10487
10487
10493
10500
10520
10521
10523
10526
10541
10541
10542
10543
10543
10546
10547
10549
10549
10551
10552
10557
10564
10565
10574
10576
10580
10591
10595
10597
10602
10604
10613
10615
10620
10621
10628
10648
10654
10655
10658
10671
10675
10675
10685
10688
10699
10700
10701
10701
10702
10705
10705
10706
10717
10718
10721
10724
10725
10730
10730
10730
10737
10738
10741
10742
10745
10749
10750
10756
10756
10759
10761
10761
10766
10775
10777
10782
10783
10791
10795
10796
10799
10802
10802
10802
10804
10807
10808
10818
10821
10828
10839
10840
10843
10844
10852
10856
10860
10863
10865
10869
10873
10877
10881
10888
10889
10891
10894
10895
10899
10906
10908
10910
10916
10950
10952
10954
10963
10965
10968
10973
10974
10981
10984
10984
10988
10992
10992
10996
10996
10996
10998
11000
11000
11007
11008
11012
11013
11015
11022
11023
11025
11031
11035
11046
11049
11054
11055
11056
11056
11059
11061
11063
11063
11067
11070
11071
11074
11075
11081
11089
11091
11094
11096
11096
11101
11107
11120
11148
11149
11156
11162
11165
11165
11172
11174
11175
11195
11199
11202
11203
11208
11209
11212
11213
11216
11219
11221
11223
11227
11238
11247
11249
11250
11254
11263
11273
11274
11275
11275
11280
11284
11285
11291
11292
11296
11296
11299
11307
11327
11334
11336
11337
11350
11358
11359
11359
11363
11366
11372
11373
11373
11375
11377
11378
11380
11383
11384
11385
11387
11387
11394
11399
11410
11410
11416
11417
11420
11423
11427
11430
11441
11442
11444
11446
11450
11450
11456
11462
11469
11470
11472
11482
11484
11484
11488
11490
11491
11495
11499
11501
11502
11505
11508
11513
11514
11515
11516
11518
11521
11522
11528
11533
11534
11538
11543
11545
11559
11561
11567
11577
11577
11582
11583
11584
11585
11585
11591
11598
11599
11603
11603
11610
11612
11615
11616
11620
11621
11623
11625
11634
11640
11652
11655
11659
11665
11673
11681
11686
11690
11691
11692
11692
11714
11717
11732
11733
11734
11736
11743
11746
11757
11758
11760
11762
11763
11764
11769
11774
11779
11784
11784
11786
11788
11810
11810
11813
11820
11828
11829
11832
11834
11835
11845
11847
11848
11850
11861
11864
11874
11876
11883
11885
11889
11893
11896
11901
11906
11911
11917
11917
11923
11927
11930
11933
11935
11939
11940
11944
11945
11947
11955
11961
11967
11967
11967
11973
11975
11976
11977
11978
11981
11991
11993
11994
11995
11997
12000
12011
12014
12024
12026
12033
12037
12041
12041
12042
12053
12056
12062
12067
12075
12078
12083
12084
12084
12094
12094
12097
12097
12116
12118
12123
12130
12130
12132
12135
12136
12141
12147
12147
12148
12152
12153
12157
12160
12169
12169
12170
12173
12176
12176
12181
12186
12191
12193
12198
12200
12214
12216
12222
12228
12234
12235
12241
12242
12243
12253
12253
12261
12271
12280
12283
12284
12287
12287
12289
12289
12292
12297
12297
12315
12318
12333
12335
12335
12349
12355
12367
12367
12373
12375
12387
12401
12411
12425
12427
12436
12440
12441
12451
12452
12453
12454
12457
12459
12471
12473
12501
12504
12505
12513
12515
12519
12529
12533
12536
12547
12549
12556
12556
12559
12562
12565
12569
12574
12579
12584
12599
12604
12610
12613
12614
12618
12621
12623
12628
12634
12647
12649
12651
12656
12656
12657
12664
12669
12672
12675
12676
12681
12688
12690
12693
12699
12709
12713
12715
12715
12722
12732
12739
12744
12749
12758
12763
12767
12782
12787
12797
12806
12808
12809
12810
12812
12826
12827
12828
12828
12831
12843
12851
12852
12852
12859
12862
12868
12869
12877
12878
12891
12905
12906
12908
12910
12916
12919
12920
12922
12924
12926
12930
12940
12942
12945
12959
12969
12971
12974
12978
12983
12986
12989
12989
12991
12993
12994
12995
13009
13010
13011
13013
13014
13019
13028
13034
13039
13040
13045
13060
13060
13062
13064
13066
13068
13072
13073
13075
13085
13095
13096
13098
13111
13116
13120
13121
13131
13146
13153
13162
13165
13166
13171
13173
13175
13177
13182
13191
13203
13207
13207
13214
13218
13222
13231
13234
13237
13237
13242
13245
13247
13249
13253
13258
13264
13265
13266
13270
13283
13289
13297
13302
13302
13306
13307
13323
13339
13339
13340
13343
13347
13361
13371
13371
13374
13377
13385
13386
13387
13388
13391
13392
13396
13396
13398
13414
13417
13422
13430
13434
13438
13440
13441
13450
13451
13463
13463
13475
13477
13488
13496
13505
13517
13519
13521
13526
13526
13545
13546
13552
13554
13556
13556
13557
13565
13567
13574
13578
13584
13585
13612
13626
13629
13631
13633
13640
13641
13643
13651
13651
13655
13660
13670
13672
13673
13674
13680
13684
13694
13706
13708
13716
13719
13731
13735
13740
13754
13755
13766
13768
13770
13775
13777
13780
13788
13801
13803
13809
13812
13813
13814
13823
13827
13829
13829
13838
13839
13851
13853
13854
13856
13858
13861
13867
13871
13872
13873
13877
13877
13882
13883
13889
13906
13906
13918
13921
13922
13922
13934
13938
13941
13950
13955
13958
13969
13975
13976
13977
13978
13982
13983
13990
13990
13993
13993
14002
14002
14006
14008
14011
14015
14015
14023
14043
14046
14059
14082
14083
14084
14089
14091
14092
14096
14107
14122
14125
14130
14135
14156
14159
14165
14178
14188
14190
14191
14192
14197
14198
14219
14225
14233
14237
14237
14241
14255
14256
14258
14258
14261
14263
14263
14267
14272
14274
14275
14278
14286
14287
14289
14304
14306
14306
14320
14324
14325
14330
14336
14346
14352
14353
14359
14365
14373
14374
14378
14379
14382
14391
14397
14397
14408
14422
14432
14456
14466
14467
14472
14481
14482
14488
14498
14500
14511
14513
14516
14518
14518
14523
14534
14537
14537
14539
14542
14545
14545
14548
14556
14575
14581
14586
14587
14589
14598
14621
14628
14634
14644
14655
14657
14669
14673
14682
14684
14689
14699
14700
14701
14708
14714
14715
14716
14717
14732
14733
14734
14742
14757
14759
14768
14773
14777
14779
14783
14797
14797
14799
14805
14819
14822
14822
14825
14832
14839
14841
14846
14852
14853
14856
14856
14860
14863
14863
14866
14876
14878
14879
14886
14898
14905
14914
14916
14918
14924
14925
14926
14928
14936
14938
14939
14954
14959
14970
14971
14972
14981
14984
14986
14988
14999
14999
15001
15002
15003
15013
15017
15020
15024
15024
15024
15030
15037
15044
15046
15054
15054
15066
15068
15068
15068
15068
15074
15083
15088
15090
15093
15108
15117
15126
15128
15131
15149
15151
15151
15151
15156
15158
15162
15184
15192
15194
15206
15216
15216
15219
15229
15239
15243
15244
15263
15268
15270
15278
15292
15294
15297
15297
15310
15317
15318
15319
15320
15323
15324
15327
15330
15337
15343
15344
15352
15352
15359
15365
15376
15384
15393
15396
15400
15404
15414
15417
15419
15424
15428
15436
15438
15447
15448
15450
15453
15461
15464
15466
15473
15479
15493
15507
15516
15520
15521
15523
15529
15534
15540
15541
15548
15557
15557
15558
15559
15569
15588
15589
15604
15611
15622
15624
15625
15629
15637
15637
15651
15660
15665
15665
15671
15674
15679
15686
15686
15686
15687
15687
15697
15699
15706
15707
15708
15712
15717
15735
15744
15745
15748
15767
15770
15774
15777
15786
15791
15795
15796
15799
15804
15821
15825
15844
15851
15852
15852
15853
15882
15882
15884
15889
15889
15891
15891
15893
15893
15893
15895
15895
15913
15929
15932
15946
15950
15953
15958
15965
15978
15987
15996
16010
16010
16013
16013
16014
16016
16018
16021
16029
16031
16031
16034
16046
16050
16084
16086
16088
16113
16120
16121
16128
16129
16137
16145
16146
16150
16156
16168
16182
16186
16188
16193
16200
16202
16202
16203
16204
16210
16213
16220
16223
16223
16235
16244
16254
16262
16265
16265
16267
16274
16274
16285
16305
16305
16314
16322
16324
16324
16324
16336
16340
16352
16363
16367
16367
16374
16382
16382
16392
16395
16400
16401
16412
16415
16418
16427
16431
16434
16439
16439
16448
16457
16463
16469
16474
16480
16488
16488
16505
16505
16509
16511
16513
16517
16518
16525
16531
16533
16541
16544
16547
16555
16559
16578
16610
16615
16617
16644
16650
16651
16656
16657
16658
16660
16661
16676
16680
16690
16697
16705
16721
16722
16722
16724
16726
16727
16735
16736
16738
16743
16745
16751
16752
16753
16754
16759
16759
16769
16779
16787
16789
16795
16807
16808
16810
16813
16816
16836
16844
16846
16847
16849
16861
16862
16864
16865
16874
16878
16880
16887
16888
16889
16894
16900
16903
16909
16922
16930
16931
16941
16942
16942
16947
16984
16998
17010
17011
17018
17024
17034
17041
17042
17043
17045
17052
17057
17057
17087
17089
17120
17121
17133
17136
17139
17143
17143
17151
17155
17165
17166
17167
17175
17183
17189
17198
17200
17200
17201
17206
17211
17231
17233
17254
17257
17265
17268
17270
17272
17312
17312
17315
17321
17323
17331
17334
17337
17338
17339
17353
17357
17358
17358
17361
17362
17369
17396
17397
17417
17419
17421
17428
17438
17442
17451
17463
17464
17471
17475
17486
17487
17499
17499
17509
17519
17523
17536
17537
17550
17584
17594
17596
17597
17630
17636
17639
17640
17645
17649
17651
17652
17654
17661
17665
17667
17668
17682
17684
17688
17691
17692
17695
17702
17720
17722
17725
17738
17745
17746
17748
17750
17751
17773
17778
17782
17794
17800
17807
17818
17833
17843
17843
17849
17857
17859
17874
17874
17878
17884
17893
17897
17922
17924
17926
17929
17931
17931
17945
17957
17962
17969
17971
17976
17977
18013
18031
18034
18042
18058
18062
18062
18063
18083
18087
18088
18092
18099
18102
18104
18107
18109
18113
18114
18115
18116
18132
18134
18136
18139
18159
18160
18160
18166
18169
18177
18181
18186
18191
18192
18194
18200
18203
18208
18212
18216
18229
18237
18240
18241
18260
18277
18277
18279
18285
18290
18298
18313
18325
18325
18334
18344
18382
18388
18392
18406
18418
18434
18440
18450
18450
18453
18455
18457
18461
18463
18475
18484
18510
18523
18531
18566
18568
18586
18588
18592
18598
18607
18614
18617
18622
18624
18630
18634
18643
18648
18670
18672
18673
18690
18693
18695
18696
18701
18703
18715
18731
18739
18742
18745
18751
18757
18802
18805
18805
18806
18835
18847
18852
18856
18857
18868
18877
18890
18894
18900
18914
18938
18940
18954
18956
18969
18979
18998
19009
19012
19024
19034
19037
19040
19044
19047
19061
19062
19076
19088
19089
19102
19109
19109
19114
19118
19122
19148
19162
19164
19168
19173
19183
19211
19219
19221
19230
19240
19247
19250
19252
19252
19257
19273
19297
19297
19299
19302
19303
19332
19336
19340
19345
19359
19361
19366
19366
19372
19381
19400
19403
19408
19408
19410
19429
19451
19471
19487
19522
19527
19529
19537
19548
19557
19563
19565
19565
19567
19570
19571
19578
19584
19594
19605
19610
19624
19628
19636
19640
19646
19649
19663
19679
19679
19685
19689
19698
19699
19700
19701
19714
19717
19718
19719
19732
19734
19736
19739
19743
19745
19752
19775
19783
19804
19810
19813
19816
19832
19850
19851
19870
19886
19894
19897
19913
19917
19926
19936
19939
19941
19954
19965
19966
19967
19987
19989
19991
20004
20023
20024
20028
20029
20032
20034
20037
20047
20052
20063
20071
20079
20079
20081
20085
20096
20099
20108
20111
20117
20117
20147
20151
20157
20158
20160
20164
20170
20178
20194
20196
20204
20207
20210
20212
20214
20214
20226
20233
20246
20249
20256
20258
20259
20283
20294
20295
20303
20308
20315
20336
20337
20339
20353
20354
20365
20378
20382
20410
20415
20417
20423
20425
20430
20431
20449
20454
20455
20459
20461
20461
20464
20466
20476
20488
20500
20532
20533
20536
20540
20543
20544
20545
20550
20557
20557
20559
20564
20569
20571
20588
20593
20594
20595
20601
20608
20641
20648
20649
20650
20650
20664
20666
20679
20686
20694
20700
20701
20706
20707
20708
20719
20720
20720
20726
20729
20744
20749
20768
20770
20776
20786
20787
20813
20821
20837
20838
20849
20856
20859
20864
20877
20889
20933
20956
20998
21007
21009
21025
21028
21030
21035
21042
21044
21052
21052
21085
21086
21090
21092
21096
21107
21108
21116
21132
21136
21145
21150
21171
21184
21203
21209
21217
21244
21272
21294
21297
21301
21307
21310
21319
21327
21340
21345
21348
21358
21370
21385
21387
21396
21400
21404
21414
21417
21457
21462
21465
21467
21470
21471
21481
21495
21505
21523
21558
21564
21565
21584
21600
21608
21612
21612
21626
21635
21660
21661
21671
21674
21675
21677
21682
21698
21704
21705
21724
21747
21767
21768
21768
21771
21772
21774
21781
21795
21818
21828
21829
21832
21839
21866
21883
21893
21944
21974
21976
21989
21993
22007
22010
22015
22021
22028
22036
22046
22051
22062
22064
22082
22101
22104
22124
22126
22133
22140
22167
22228
22238
22249
22253
22262
22267
22280
22288
22294
22302
22326
22326
22336
22337
22343
22380
22391
22394
22417
22434
22471
22492
22495
22499
22502
22503
22515
22518
22524
22537
22537
22538
22561
22566
22596
22626
22640
22686
22702
22717
22726
22726
22727
22745
22765
22798
22798
22800
22822
22828
22837
22848
22863
22871
22894
22898
22910
22952
22955
22989
22994
23007
23018
23021
23040
23043
23044
23050
23073
23097
23141
23164
23190
23208
23218
23245
23252
23255
23267
23268
23275
23304
23328
23392
23428
23452
23477
23490
23507
23516
23529
23531
23539
23541
23552
23576
23592
23595
23607
23609
23617
23617
23681
23699
23762
23776
23804
23816
23828
23836
23854
23864
23918
23969
23970
24037
24037
24053
24066
24122
24132
24135
24135
24148
24155
24180
24202
24211
24216
24267
24269
24279
24319
24332
24370
24424
24450
24462
24486
24534
24539
24558
24601
24606
24694
24697
24713
24747
24757
24797
24851
25020
25021
25022
25051
25139
25201
25243
25262
25289
25378
25383
25390
25424
25453
25454
25529
25606
25688
25710
25710
25773
25807
25861
25943
25976
26026
26031
26032
26063
26076
26082
26125
26153
26166
26170
26174
26194
26224
26226
26387
26404
26439
26525
26595
26597
26603
26615
26631
26693
26712
26727
26751
26756
26769
26774
26777
26783
26831
26849
26913
27048
27121
27159
27242
27411
27442
27442
27451
27467
27517
27532
27579
27610
27939
27964
28059
28158
28189
28265
28319
28349
28430
28468
28553
28563
28573
28624
28663
28775
28873
28922
28939
28983
29190
29266
29425
29631
29632
29865
29901
29934
30073
30178
30222
30281
30483
30484
30592
30623
30625
30922
30924
31014
31394
31497
31869
31982
31984
32068
32589
32675
32726
32961
33175
33497
33518
33632
33958
34317
34467
34568
34643
35044
35235
35794
36217
36263
36296
36317
36337
36349
37759
37776
38054
39751
40196
41342
42279
