1000
1001
1001
1002
1002
1003
1004
1006
1007
1008
1011
1011
1014
1015
1016
1020
1021
1021
1022
1022
1023
1023
1026
1028
1029
1030
1031
1031
1034
1034
1038
1038
1039
1043
1045
1051
1051
1051
1052
1053
1053
1058
1062
1062
1064
1064
1065
1066
1067
1068
1069
1071
1072
1072
1072
1073
1076
1077
1077
1077
1078
1079
1080
1081
1082
1082
1083
1083
1085
1087
1091
1091
1093
1094
1095
1097
1102
1103
1103
1104
1105
1105
1113
1114
1114
1115
1115
1118
1119
1120
1120
1120
1123
1123
1126
1126
1127
1130
1132
1132
1133
1135
1135
1135
1136
1136
1137
1137
1138
1138
1139
1140
1142
1144
1144
1145
1145
1146
1147
1147
1147
1147
1148
1150
1151
1151
1151
1152
1152
1152
1156
1157
1159
1160
1160
1163
1164
1168
1168
1170
1170
1170
1171
1172
1172
1172
1173
1174
1177
1178
1179
1180
1183
1185
1185
1186
1188
1190
1194
1197
1202
1207
1209
1210
1212
1212
1212
1213
1213
1216
1216
1218
1219
1220
1220
1221
1222
1223
1223
1223
1225
1225
1226
1226
1227
1227
1227
1228
1229
1230
1230
1230
1235
1237
1237
1237
1238
1239
1241
1241
1243
1244
1244
1245
1246
1248
1249
1249
1250
1252
1253
1253
1254
1254
1255
1256
1257
1258
1260
1261
1262
1262
1265
1267
1269
1272
1273
1273
1273
1274
1276
1276
1276
1277
1277
1278
1279
1281
1281
1281
1283
1283
1284
1286
1287
1288
1290
1292
1294
1297
1301
1303
1304
1305
1307
1310
1311
1311
1313
1313
1315
1315
1317
1317
1322
1323
1324
1324
1326
1326
1327
1327
1327
1331
1332
1333
1333
1336
1337
1337
1340
1340
1340
1341
1342
1342
1343
1345
1346
1348
1349
1350
1351
1352
1352
1352
1352
1353
1355
1355
1356
1356
1357
1357
1357
1358
1360
1363
1364
1365
1367
1367
1369
1369
1372
1372
1373
1373
1375
1377
1377
1377
1377
1379
1385
1386
1387
1387
1392
1392
1393
1394
1394
1395
1398
1399
1399
1407
1408
1409
1410
1410
1414
1416
1416
1417
1418
1418
1419
1420
1422
1422
1424
1425
1426
1426
1430
1430
1437
1440
1440
1443
1445
1445
1446
1450
1452
1453
1453
1454
1455
1457
1458
1459
1459
1459
1462
1466
1466
1467
1468
1469
1470
1471
1472
1472
1473
1473
1474
1475
1476
1476
1477
1478
1480
1481
1481
1481
1481
1483
1484
1484
1484
1485
1489
1490
1491
1492
1493
1494
1495
1496
1499
1502
1503
1507
1512
1516
1522
1526
1530
1531
1532
1532
1532
1533
1536
1536
1537
1540
1541
1542
1543
1543
1543
1543
1544
1546
1547
1547
1550
1551
1551
1553
1553
1553
1555
1556
1560
1562
1563
1564
1565
1565
1566
1570
1571
1571
1572
1573
1574
1576
1577
1578
1582
1582
1582
1583
1584
1586
1587
1588
1590
1590
1590
1591
1595
1595
1598
1599
1601
1602
1603
1605
1607
1608
1609
1612
1613
1614
1619
1627
1628
1628
1629
1630
1635
1637
1638
1643
1647
1649
1649
1650
1650
1651
1654
1660
1661
1661
1662
1665
1665
1670
1670
1672
1674
1677
1678
1682
1682
1682
1683
1684
1685
1686
1687
1689
1689
1693
1694
1695
1697
1698
1698
1700
1700
1703
1703
1704
1704
1705
1706
1708
1708
1711
1711
1711
1715
1715
1716
1716
1716
1720
1721
1721
1722
1723
1724
1725
1727
1731
1732
1733
1735
1735
1737
1737
1738
1738
1740
1745
1747
1748
1751
1752
1753
1753
1757
1762
1762
1766
1766
1767
1768
1770
1773
1773
1776
1776
1776
1778
1780
1780
1782
1782
1783
1783
1785
1785
1786
1787
1787
1788
1789
1791
1791
1791
1791
1792
1796
1797
1799
1800
1802
1802
1802
1803
1804
1804
1805
1810
1812
1813
1813
1813
1815
1818
1821
1821
1824
1825
1827
1829
1832
1832
1833
1834
1835
1836
1836
1837
1838
1840
1840
1841
1843
1844
1844
1845
1845
1847
1848
1850
1850
1850
1853
1854
1854
1854
1855
1857
1858
1858
1859
1859
1861
1861
1862
1863
1864
1864
1866
1866
1870
1871
1871
1871
1871
1874
1875
1876
1879
1882
1882
1887
1890
1891
1891
1892
1892
1894
1896
1897
1898
1898
1899
1901
1902
1902
1904
1906
1906
1909
1909
1911
1912
1916
1918
1921
1924
1927
1927
1929
1931
1931
1931
1932
1935
1937
1938
1939
1940
1941
1943
1945
1947
1948
1948
1949
1950
1952
1954
1954
1955
1956
1957
1959
1961
1961
1962
1963
1965
1966
1967
1967
1968
1971
1971
1972
1973
1973
1975
1978
1978
1979
1979
1980
1980
1984
1984
1986
1987
1988
1990
1992
1992
1994
1996
1996
1997
1997
1999
2002
2004
2005
2005
2006
2006
2006
2007
2007
2008
2008
2009
2010
2010
2011
2012
2013
2014
2014
2014
2017
2018
2018
2019
2020
2021
2021
2022
2022
2022
2023
2023
2023
2025
2027
2027
2029
2030
2033
2034
2034
2036
2037
2038
2038
2039
2040
2042
2044
2045
2045
2046
2047
2048
2048
2049
2050
2052
2053
2054
2057
2062
2067
2071
2072
2073
2075
2075
2078
2078
2078
2079
2080
2080
2082
2083
2083
2084
2085
2086
2086
2089
2090
2091
2093
2093
2095
2101
2102
2102
2105
2107
2110
2110
2113
2113
2116
2116
2118
2118
2120
2120
2121
2123
2124
2124
2128
2128
2129
2129
2135
2136
2139
2143
2146
2146
2148
2149
2151
2151
2153
2157
2165
2166
2166
2168
2169
2169
2175
2180
2182
2182
2183
2183
2187
2187
2189
2189
2189
2197
2198
2203
2207
2209
2211
2211
2214
2217
2219
2220
2221
2221
2223
2225
2225
2228
2231
2234
2237
2239
2241
2244
2246
2248
2249
2250
2251
2253
2255
2256
2256
2256
2258
2260
2263
2264
2264
2266
2269
2273
2276
2276
2277
2277
2280
2281
2284
2285
2285
2287
2287
2287
2288
2290
2290
2292
2293
2295
2295
2296
2297
2305
2308
2309
2312
2315
2316
2317
2318
2319
2320
2323
2326
2327
2332
2332
2333
2333
2335
2343
2343
2343
2345
2345
2345
2349
2350
2350
2350
2353
2354
2355
2355
2358
2360
2360
2361
2364
2368
2369
2369
2370
2371
2372
2374
2374
2375
2376
2377
2378
2378
2379
2379
2383
2384
2385
2391
2394
2396
2399
2401
2404
2411
2412
2414
2417
2419
2422
2424
2424
2427
2428
2430
2431
2438
2440
2442
2443
2445
2446
2447
2447
2449
2450
2451
2452
2455
2457
2457
2460
2461
2465
2466
2469
2473
2474
2475
2478
2480
2482
2483
2485
2491
2495
2497
2498
2499
2499
2501
2502
2503
2503
2504
2506
2507
2508
2508
2511
2515
2516
2517
2520
2525
2527
2528
2530
2530
2530
2531
2532
2534
2535
2541
2541
2541
2543
2545
2545
2548
2550
2551
2552
2552
2553
2557
2558
2558
2559
2561
2561
2561
2563
2564
2566
2566
2567
2569
2571
2571
2572
2575
2575
2579
2581
2581
2582
2583
2583
2583
2584
2584
2585
2587
2588
2589
2595
2595
2595
2599
2600
2601
2604
2608
2608
2609
2609
2611
2611
2612
2614
2614
2616
2617
2620
2621
2621
2623
2624
2624
2628
2630
2632
2635
2638
2643
2646
2655
2658
2659
2661
2662
2663
2666
2666
2670
2671
2672
2678
2679
2679
2680
2683
2683
2683
2687
2687
2687
2688
2691
2693
2695
2698
2705
2705
2705
2707
2709
2712
2713
2713
2714
2717
2718
2719
2719
2720
2720
2720
2722
2728
2729
2735
2735
2737
2738
2739
2739
2741
2743
2749
2750
2751
2752
2752
2753
2754
2756
2756
2756
2760
2761
2761
2761
2762
2762
2764
2768
2770
2771
2774
2774
2774
2778
2780
2783
2789
2789
2789
2790
2793
2795
2800
2802
2811
2815
2815
2819
2821
2823
2826
2826
2830
2831
2831
2834
2836
2837
2838
2840
2842
2842
2845
2850
2855
2857
2857
2857
2858
2861
2866
2866
2867
2869
2870
2870
2876
2878
2878
2879
2880
2884
2884
2885
2886
2888
2888
2890
2893
2893
2893
2895
2898
2900
2906
2912
2916
2917
2921
2921
2924
2925
2926
2932
2939
2941
2941
2946
2946
2947
2952
2952
2955
2955
2956
2957
2958
2959
2961
2961
2962
2964
2965
2965
2965
2973
2974
2978
2981
2982
2983
2985
2987
2989
2995
2995
2996
2997
3000
3000
3003
3005
3007
3008
3011
3013
3014
3014
3014
3019
3019
3020
3021
3023
3024
3026
3027
3028
3030
3030
3031
3033
3042
3047
3047
3048
3050
3052
3053
3054
3055
3055
3057
3057
3059
3060
3061
3063
3066
3073
3074
3077
3079
3082
3082
3084
3084
3086
3087
3092
3106
3111
3113
3116
3120
3123
3129
3129
3131
3132
3132
3134
3136
3136
3137
3140
3141
3147
3147
3148
3148
3150
3154
3156
3158
3158
3159
3162
3163
3163
3167
3169
3170
3171
3173
3174
3178
3180
3182
3183
3185
3188
3189
3190
3192
3194
3201
3201
3204
3207
3208
3210
3211
3216
3218
3219
3220
3222
3222
3225
3228
3230
3232
3232
3237
3237
3245
3248
3257
3264
3268
3269
3269
3270
3272
3275
3279
3280
3281
3282
3282
3285
3287
3293
3294
3295
3300
3302
3302
3302
3303
3305
3309
3309
3311
3312
3313
3314
3317
3321
3321
3321
3322
3324
3325
3327
3334
3335
3335
3337
3339
3339
3342
3346
3349
3353
3355
3356
3361
3364
3365
3367
3371
3371
3380
3381
3382
3383
3384
3388
3393
3395
3398
3399
3406
3406
3406
3407
3408
3411
3432
3433
3434
3434
3435
3435
3436
3436
3437
3438
3438
3440
3441
3453
3454
3454
3455
3460
3463
3463
3464
3471
3472
3474
3481
3484
3490
3493
3496
3498
3500
3501
3504
3507
3509
3510
3512
3513
3516
3516
3517
3517
3520
3525
3526
3529
3531
3542
3542
3546
3548
3550
3555
3556
3558
3559
3562
3562
3564
3564
3564
3570
3571
3571
3574
3576
3577
3578
3578
3581
3581
3586
3587
3589
3593
3595
3599
3600
3608
3615
3616
3617
3617
3619
3622
3626
3627
3630
3632
3634
3636
3636
3638
3641
3643
3644
3645
3647
3647
3648
3650
3655
3659
3661
3664
3665
3667
3671
3671
3676
3680
3680
3681
3681
3681
3683
3685
3686
3686
3690
3693
3701
3702
3702
3703
3704
3705
3706
3710
3711
3714
3717
3718
3719
3726
3726
3728
3728
3730
3731
3733
3734
3738
3741
3742
3747
3752
3754
3756
3757
3759
3760
3766
3769
3772
3772
3775
3776
3777
3778
3782
3785
3789
3791
3797
3799
3800
3800
3801
3804
3806
3809
3810
3810
3813
3818
3823
3824
3828
3834
3836
3841
3841
3849
3849
3849
3856
3857
3859
3859
3861
3864
3865
3870
3871
3873
3878
3881
3891
3891
3891
3891
3893
3894
3896
3899
3899
3905
3907
3911
3911
3913
3916
3917
3920
3920
3921
3925
3926
3930
3935
3935
3941
3943
3944
3944
3946
3947
3950
3955
3958
3965
3967
3970
3970
3973
3978
3984
3988
4000
4002
4003
4005
4009
4014
4016
4019
4021
4024
4029
4030
4031
4037
4041
4044
4055
4057
4061
4062
4064
4064
4070
4071
4072
4079
4079
4086
4087
4089
4093
4094
4096
4096
4097
4097
4097
4098
4100
4102
4105
4107
4109
4110
4114
4116
4120
4120
4120
4122
4124
4131
4138
4140
4140
4142
4152
4162
4163
4165
4171
4172
4173
4173
4175
4176
4181
4184
4187
4190
4191
4191
4193
4195
4197
4198
4203
4205
4210
4211
4212
4213
4213
4215
4215
4216
4217
4220
4224
4226
4229
4234
4237
4240
4242
4243
4249
4253
4253
4256
4257
4257
4261
4262
4272
4273
4274
4275
4279
4288
4289
4297
4298
4299
4299
4302
4304
4304
4304
4313
4313
4314
4314
4314
4317
4319
4322
4326
4326
4327
4328
4332
4333
4337
4338
4343
4344
4356
4357
4358
4360
4362
4366
4367
4368
4368
4369
4369
4370
4370
4372
4375
4376
4376
4381
4390
4393
4396
4398
4400
4401
4401
4404
4408
4411
4414
4421
4421
4427
4430
4436
4436
4437
4438
4440
4442
4444
4446
4448
4453
4460
4465
4467
4468
4471
4471
4476
4477
4481
4483
4484
4488
4489
4489
4490
4490
4493
4497
4506
4508
4510
4512
4521
4521
4522
4525
4530
4532
4532
4533
4534
4537
4549
4551
4552
4553
4561
4561
4566
4570
4580
4580
4583
4585
4585
4589
4591
4596
4599
4604
4605
4607
4607
4607
4607
4610
4610
4615
4618
4619
4623
4625
4629
4630
4630
4633
4634
4635
4635
4639
4640
4640
4640
4643
4643
4644
4649
4649
4649
4651
4654
4659
4659
4662
4663
4663
4665
4669
4672
4673
4677
4678
4682
4683
4685
4686
4689
4689
4692
4693
4695
4696
4696
4697
4698
4704
4705
4713
4713
4717
4718
4718
4719
4721
4725
4725
4729
4736
4738
4742
4744
4744
4754
4756
4767
4771
4772
4774
4777
4779
4783
4787
4791
4793
4802
4803
4803
4804
4810
4812
4821
4824
4826
4828
4829
4834
4841
4848
4849
4850
4850
4856
4857
4858
4863
4866
4867
4872
4874
4877
4880
4881
4884
4885
4894
4898
4898
4899
4899
4902
4908
4911
4914
4922
4922
4924
4925
4925
4930
4932
4934
4935
4941
4942
4943
4952
4960
4960
4961
4963
4964
4966
4966
4971
4973
4974
4976
4988
4989
4990
4995
4998
5000
5007
5008
5011
5013
5014
5018
5019
5019
5021
5022
5025
5027
5034
5034
5035
5042
5047
5051
5051
5055
5059
5068
5068
5069
5072
5078
5083
5084
5090
5093
5093
5095
5100
5115
5117
5120
5121
5131
5135
5137
5138
5141
5141
5143
5144
5146
5153
5154
5154
5156
5160
5162
5165
5167
5167
5168
5176
5176
5178
5183
5185
5186
5187
5193
5196
5202
5210
5210
5216
5221
5221
5229
5230
5230
5235
5239
5239
5244
5252
5254
5257
5262
5262
5266
5267
5268
5273
5273
5275
5280
5282
5283
5284
5284
5286
5310
5312
5316
5320
5324
5327
5327
5327
5330
5331
5332
5337
5340
5346
5350
5357
5361
5361
5362
5365
5373
5375
5380
5383
5388
5404
5406
5407
5413
5416
5417
5417
5420
5420
5421
5436
5438
5438
5439
5443
5449
5452
5454
5460
5462
5463
5467
5472
5475
5476
5477
5482
5483
5485
5486
5487
5488
5491
5493
5494
5505
5505
5510
5511
5517
5517
5528
5528
5532
5533
5537
5538
5541
5552
5563
5577
5577
5581
5593
5593
5595
5596
5599
5601
5603
5603
5606
5607
5618
5625
5628
5631
5631
5638
5640
5642
5643
5647
5648
5649
5649
5650
5655
5659
5661
5662
5662
5662
5662
5664
5666
5670
5670
5670
5678
5693
5703
5707
5710
5712
5715
5715
5716
5721
5727
5729
5743
5744
5753
5759
5762
5763
5765
5767
5769
5771
5783
5783
5786
5787
5799
5804
5806
5810
5814
5814
5816
5822
5830
5830
5832
5839
5843
5844
5844
5844
5856
5862
5864
5874
5874
5876
5881
5890
5896
5902
5905
5905
5912
5914
5918
5919
5926
5927
5928
5940
5942
5944
5944
5950
5953
5954
5956
5957
5958
5964
5966
5976
5980
5985
5986
5988
5988
5989
5993
5994
5999
6000
6002
6002
6005
6008
6009
6014
6015
6018
6021
6022
6024
6026
6032
6037
6039
6044
6047
6048
6051
6052
6054
6056
6057
6059
6061
6070
6070
6072
6076
6076
6077
6077
6079
6089
6090
6090
6099
6104
6108
6112
6120
6121
6123
6127
6129
6144
6146
6149
6151
6152
6167
6168
6172
6175
6179
6180
6181
6185
6185
6187
6195
6198
6201
6210
6215
6220
6221
6229
6230
6233
6236
6236
6237
6238
6238
6245
6245
6247
6253
6257
6265
6266
6268
6268
6270
6272
6272
6273
6275
6277
6280
6285
6287
6287
6289
6293
6294
6296
6301
6302
6307
6310
6310
6316
6316
6316
6319
6330
6340
6344
6352
6354
6355
6360
6360
6360
6360
6361
6362
6363
6363
6363
6365
6371
6378
6380
6387
6388
6389
6389
6398
6411
6415
6422
6426
6427
6428
6430
6433
6433
6435
6441
6445
6448
6448
6452
6456
6462
6462
6463
6463
6465
6467
6475
6476
6482
6485
6490
6490
6494
6494
6503
6505
6506
6507
6511
6519
6534
6534
6536
6540
6542
6543
6546
6547
6551
6553
6557
6558
6560
6563
6565
6566
6570
6584
6590
6598
6599
6608
6610
6614
6614
6619
6622
6629
6639
6643
6649
6657
6665
6672
6675
6676
6677
6678
6679
6688
6692
6695
6696
6697
6699
6700
6705
6707
6707
6720
6722
6728
6731
6734
6736
6742
6753
6753
6757
6760
6763
6766
6772
6777
6779
6780
6783
6785
6786
6799
6801
6806
6820
6824
6827
6838
6839
6842
6842
6845
6849
6854
6858
6865
6866
6879
6881
6882
6890
6896
6912
6913
6914
6920
6924
6925
6929
6930
6932
6934
6942
6943
6946
6947
6951
6954
6956
6971
6975
6982
6984
6985
6986
6988
6990
6992
6994
6997
7004
7014
7016
7017
7018
7018
7020
7021
7021
7025
7033
7035
7036
7040
7047
7049
7052
7053
7065
7066
7070
7079
7081
7086
7092
7098
7107
7119
7120
7126
7135
7140
7140
7141
7142
7143
7146
7149
7151
7152
7152
7156
7159
7163
7163
7166
7168
7170
7178
7181
7189
7204
7204
7206
7208
7209
7210
7212
7213
7214
7217
7224
7231
7234
7238
7243
7263
7269
7272
7276
7277
7277
7284
7284
7287
7288
7295
7296
7302
7303
7305
7307
7315
7316
7320
7321
7321
7325
7333
7333
7338
7339
7340
7344
7345
7345
7350
7350
7351
7354
7355
7356
7357
7363
7364
7369
7370
7371
7374
7380
7383
7389
7393
7406
7431
7433
7436
7436
7437
7438
7439
7441
7445
7447
7448
7465
7466
7469
7470
7471
7473
7481
7483
7484
7485
7494
7497
7499
7503
7504
7506
7507
7509
7510
7510
7512
7513
7518
7527
7529
7536
7536
7543
7548
7554
7556
7563
7565
7576
7583
7583
7584
7591
7594
7596
7602
7605
7607
7610
7610
7611
7613
7620
7624
7633
7644
7648
7648
7650
7653
7653
7654
7659
7675
7676
7677
7678
7723
7727
7731
7732
7734
7737
7737
7746
7747
7748
7748
7753
7753
7754
7762
7765
7791
7793
7793
7794
7796
7797
7797
7800
7803
7804
7810
7811
7814
7820
7832
7836
7838
7840
7842
7850
7851
7856
7859
7866
7869
7879
7880
7882
7888
7888
7889
7890
7894
7902
7912
7923
7930
7940
7940
7942
7943
7944
7954
7955
7956
7960
7960
7960
7968
7974
7979
7990
7990
8006
8013
8019
8019
8019
8020
8020
8028
8029
8032
8033
8034
8036
8038
8042
8050
8052
8059
8083
8085
8086
8093
8094
8096
8098
8100
8123
8127
8128
8134
8136
8137
8139
8146
8148
8151
8152
8155
8159
8164
8169
8170
8174
8174
8175
8176
8182
8184
8185
8187
8193
8203
8205
8208
8220
8221
8223
8224
8227
8242
8243
8248
8248
8249
8253
8256
8258
8261
8262
8266
8269
8271
8272
8276
8279
8280
8282
8282
8288
8289
8299
8300
8312
8315
8317
8321
8322
8328
8329
8341
8349
8355
8355
8360
8362
8365
8371
8373
8377
8379
8395
8408
8408
8410
8420
8422
8426
8428
8431
8432
8434
8447
8448
8456
8462
8472
8476
8483
8484
8490
8494
8505
8535
8541
8547
8554
8560
8572
8574
8589
8601
8605
8618
8619
8620
8628
8635
8638
8646
8646
8648
8654
8655
8665
8672
8681
8686
8689
8694
8696
8698
8702
8704
8704
8704
8705
8705
8707
8709
8714
8715
8731
8731
8732
8737
8745
8751
8752
8758
8762
8766
8767
8770
8775
8780
8789
8805
8819
8820
8826
8827
8828
8829
8838
8843
8844
8846
8848
8854
8859
8862
8864
8872
8874
8876
8880
8882
8888
8892
8895
8897
8908
8912
8914
8921
8923
8929
8937
8941
8943
8951
8960
8961
8964
8966
8967
8970
8971
8980
8991
9003
9011
9016
9017
9021
9029
9030
9033
9039
9041
9042
9058
9060
9063
9069
9081
9089
9097
9098
9103
9103
9103
9118
9118
9129
9130
9143
9144
9144
9146
9156
9163
9163
9176
9180
9181
9201
9202
9203
9206
9206
9206
9218
9218
9221
9222
9224
9234
9245
9255
9266
9270
9285
9286
9294
9298
9303
9310
9314
9316
9319
9323
9323
9332
9346
9348
9348
9349
9356
9359
9363
9371
9373
9380
9386
9391
9400
9404
9405
9406
9406
9409
9418
9419
9432
9433
9435
9439
9441
9443
9467
9470
9482
9484
9488
9488
9494
9495
9502
9505
9523
9529
9530
9531
9531
9535
9535
9545
9547
9551
9560
9564
9567
9571
9573
9591
9593
9597
9605
9606
9610
9612
9619
9622
9629
9635
9644
9646
9655
9657
9659
9665
9665
9671
9671
9673
9684
9688
9688
9697
9706
9714
9726
9728
9741
9742
9743
9749
9765
9765
9768
9774
9774
9775
9781
9783
9786
9788
9789
9790
9796
9806
9813
9821
9829
9829
9830
9836
9840
9845
9848
9865
9877
9878
9894
9895
9902
9903
9932
9935
9937
9937
9942
9942
9943
9944
9950
9952
9965
9969
9971
9980
9981
9982
9997
10001
10005
10007
10008
10010
10014
10014
10025
10032
10036
10038
10046
10069
10076
10081
10081
10083
10095
10111
10121
10126
10126
10126
10143
10148
10161
10162
10166
10175
10179
10180
10180
10183
10190
10194
10194
10194
10199
10203
10208
10209
10217
10229
10231
10231
10234
10235
10240
10245
10250
10255
10257
10274
10276
10279
10287
10314
10325
10330
10331
10333
10336
10339
10344
10347
10357
10368
10380
10386
10391
10402
10407
10411
10414
10421
10422
10430
10437
10438
10440
10452
10459
10464
10488
10488
10494
10499
10521
10533
10535
10539
10550
10550
10553
10558
10562
10566
10571
10575
10576
10584
10607
10610
10614
10616
10617
10626
10628
10629
10634
10634
10645
10659
10668
10676
10678
10682
10688
10694
10708
10711
10711
10714
10714
10719
10723
10731
10740
10741
10749
10749
10750
10765
10766
10796
10797
10799
10810
10815
10821
10832
10835
10836
10837
10848
10850
10858
10863
10869
10872
10873
10877
10879
10889
10890
10891
10893
10901
10908
10910
10916
10920
10924
10934
10934
10937
10946
10949
10949
10951
10965
10968
10974
10981
10984
10993
11002
11004
11006
11009
11011
11015
11018
11019
11021
11026
11029
11034
11037
11038
11041
11045
11048
11062
11063
11068
11071
11081
11095
11097
11098
11098
11122
11126
11138
11138
11144
11146
11156
11169
11177
11178
11199
11200
11204
11204
11214
11221
11232
11241
11252
11253
11256
11258
11267
11276
11278
11285
11288
11293
11294
11307
11313
11318
11322
11323
11333
11335
11344
11363
11367
11368
11368
11373
11375
11377
11387
11391
11391
11394
11401
11404
11416
11417
11420
11426
11443
11469
11482
11488
11493
11497
11498
11502
11510
11525
11535
11537
11539
11540
11543
11544
11547
11551
11555
11567
11568
11573
11573
11580
11583
11585
11598
11608
11613
11635
11635
11636
11646
11647
11684
11694
11696
11698
11707
11710
11711
11717
11721
11729
11734
11745
11747
11751
11758
11759
11763
11774
11779
11779
11790
11795
11799
11811
11823
11830
11833
11834
11841
11862
11868
11874
11883
11895
11899
11907
11919
11948
11956
11959
11966
11974
11981
11982
11983
11988
11992
11994
11995
11997
12004
12009
12014
12018
12022
12030
12036
12042
12044
12057
12060
12061
12066
12100
12103
12117
12155
12162
12166
12174
12177
12178
12180
12193
12195
12196
12210
12218
12226
12227
12229
12237
12239
12259
12266
12269
12270
12274
12280
12291
12297
12300
12314
12320
12328
12358
12363
12365
12366
12368
12373
12377
12381
12402
12405
12419
12434
12455
12463
12464
12488
12499
12508
12509
12513
12527
12533
12534
12535
12542
12556
12559
12560
12581
12597
12612
12614
12620
12624
12638
12666
12679
12684
12687
12688
12699
12709
12710
12723
12723
12752
12764
12771
12775
12778
12787
12797
12801
12802
12812
12825
12832
12839
12840
12842
12854
12870
12872
12879
12882
12888
12892
12903
12904
12905
12906
12920
12921
12922
12928
12932
12947
12949
12951
12952
12958
12968
12970
12972
12975
12981
12990
12994
12997
12999
13000
13004
13010
13010
13016
13016
13027
13027
13028
13031
13041
13047
13053
13071
13073
13075
13092
13099
13101
13104
13112
13116
13120
13126
13149
13149
13152
13156
13158
13191
13195
13199
13200
13203
13207
13208
13219
13232
13241
13251
13254
13254
13272
13277
13283
13289
13289
13294
13300
13308
13308
13311
13312
13317
13322
13324
13332
13342
13350
13352
13356
13364
13373
13376
13384
13394
13398
13399
13400
13423
13429
13433
13444
13448
13452
13466
13471
13484
13490
13502
13508
13509
13517
13518
13519
13524
13527
13539
13559
13561
13574
13584
13599
13599
13601
13608
13611
13616
13633
13641
13651
13653
13659
13663
13672
13682
13698
13724
13731
13740
13746
13769
13781
13807
13808
13816
13827
13828
13831
13845
13852
13852
13881
13892
13893
13911
13912
13912
13926
13932
13953
13955
13970
13977
13997
13998
14007
14015
14015
14020
14030
14060
14061
14062
14086
14092
14104
14104
14118
14119
14127
14128
14134
14147
14150
14160
14168
14186
14205
14207
14218
14233
14245
14272
14273
14285
14288
14300
14301
14305
14318
14327
14341
14341
14342
14344
14346
14360
14366
14368
14377
14379
14384
14385
14388
14396
14402
14414
14424
14424
14437
14438
14440
14442
14456
14469
14473
14476
14482
14488
14490
14510
14527
14532
14535
14541
14542
14590
14594
14600
14601
14604
14613
14623
14625
14626
14648
14659
14663
14676
14683
14684
14695
14698
14713
14745
14753
14753
14778
14786
14792
14798
14799
14815
14818
14835
14840
14859
14868
14874
14875
14880
14895
14898
14907
14911
14912
14917
14923
14930
14948
14955
14970
14973
14976
14985
14991
14995
15015
15015
15021
15037
15038
15039
15043
15044
15054
15062
15073
15079
15084
15094
15096
15098
15099
15100
15104
15108
15110
15114
15114
15130
15134
15137
15140
15153
15161
15165
15168
15168
15172
15180
15182
15185
15193
15200
15207
15219
15220
15226
15231
15249
15253
15258
15280
15283
15287
15287
15294
15296
15301
15328
15331
15335
15344
15369
15380
15381
15383
15386
15392
15393
15395
15405
15408
15408
15416
15431
15454
15469
15474
15475
15477
15497
15502
15503
15508
15526
15526
15532
15537
15565
15581
15585
15611
15615
15624
15624
15626
15655
15677
15682
15683
15685
15688
15707
15712
15719
15731
15734
15737
15738
15739
15744
15748
15756
15759
15777
15778
15779
15779
15782
15793
15799
15806
15809
15809
15827
15837
15850
15851
15855
15871
15877
15878
15882
15903
15940
15953
15954
15983
16003
16013
16027
16032
16060
16093
16103
16104
16111
16117
16118
16120
16127
16144
16154
16157
16181
16183
16191
16196
16202
16222
16253
16268
16278
16280
16281
16289
16311
16313
16322
16332
16342
16347
16356
16358
16370
16373
16387
16427
16441
16460
16465
16474
16488
16492
16537
16568
16569
16584
16585
16596
16599
16604
16605
16611
16616
16622
16627
16642
16645
16658
16665
16666
16670
16687
16691
16694
16708
16721
16731
16732
16751
16771
16771
16779
16790
16813
16819
16824
16825
16828
16829
16842
16851
16863
16877
16878
16885
16910
16913
16918
16920
16944
16952
16953
16959
16963
16963
16972
16975
16989
16995
17015
17030
17050
17054
17058
17060
17071
17089
17167
17173
17197
17278
17292
17296
17298
17315
17320
17348
17360
17365
17372
17386
17399
17402
17403
17403
17424
17428
17430
17434
17458
17462
17469
17492
17494
17519
17522
17529
17534
17539
17566
17567
17573
17573
17629
17631
17647
17653
17656
17676
17691
17706
17708
17716
17725
17726
17739
17740
17765
17804
17808
17814
17816
17821
17823
17833
17843
17844
17846
17857
17857
17878
17898
17902
17911
17926
17927
17928
17936
17971
17981
17985
17985
18002
18022
18023
18049
18094
18102
18103
18112
18116
18117
18124
18131
18137
18161
18168
18169
18172
18184
18198
18206
18220
18222
18255
18268
18271
18282
18299
18303
18330
18337
18345
18352
18355
18377
18377
18379
18397
18419
18424
18438
18442
18467
18476
18509
18514
18528
18539
18540
18540
18550
18559
18575
18575
18580
18593
18599
18621
18623
18631
18648
18656
18660
18673
18685
18694
18698
18714
18732
18747
18751
18755
18767
18779
18788
18816
18828
18830
18832
18846
18886
18889
18922
18935
18956
19015
19033
19083
19106
19115
19128
19139
19162
19185
19186
19200
19222
19226
19233
19258
19268
19276
19278
19285
19290
19320
19323
19333
19374
19374
19391
19401
19420
19435
19445
19449
19469
19470
19479
19487
19492
19524
19546
19554
19579
19599
19600
19686
19691
19702
19719
19732
19770
19825
19858
19870
19875
19908
19924
19935
19948
19951
19983
19986
19989
20028
20030
20058
20060
20068
20069
20073
20086
20104
20113
20135
20147
20168
20181
20181
20196
20218
20226
20233
20246
20258
20267
20283
20288
20291
20427
20433
20438
20443
20461
20471
20498
20539
20578
20605
20657
20686
20696
20704
20720
20733
20760
20766
20795
20797
20801
20804
20853
20893
20909
20923
20928
20960
20966
21008
21054
21113
21148
21156
21214
21245
21262
21281
21289
21318
21341
21356
21436
21504
21513
21608
21611
21621
21653
21674
21691
21731
21758
21759
21761
21772
21843
21910
21929
21951
22034
22088
22100
22152
22155
22242
22298
22438
22568
22596
22601
22634
22664
22666
22734
22762
22908
22910
22937
23004
23009
23019
23039
23056
23108
23142
23164
23442
23507
23531
23592
23665
23701
23728
23736
23757
23771
23862
23922
23993
24078
24465
24591
24644
24652
24670
24678
24696
24731
24890
24934
24969
25045
25354
25369
25386
25403
25506
25509
25533
25555
25575
25651
25733
25808
25817
25910
26195
26198
26212
26242
26317
26640
27825
28525
28608
28645
28667
29155
29198
29265
30846
32076
32106
34709
