1001
1002
1008
1014
1020
1021
1033
1036
1036
1038
1046
1046
1048
1050
1050
1052
1055
1056
1057
1057
1058
1063
1064
1066
1066
1071
1071
1073
1081
1083
1083
1084
1086
1089
1089
1089
1089
1093
1093
1094
1096
1096
1098
1099
1099
1100
1104
1105
1106
1107
1107
1112
1112
1115
1116
1117
1120
1121
1123
1127
1128
1131
1131
1132
1134
1135
1140
1140
1140
1141
1141
1142
1142
1143
1145
1146
1147
1151
1151
1152
1153
1153
1153
1154
1154
1156
1161
1161
1163
1164
1164
1164
1165
1167
1173
1176
1180
1181
1185
1187
1188
1188
1189
1193
1195
1195
1197
1200
1201
1202
1204
1205
1206
1206
1207
1209
1218
1220
1221
1222
1222
1222
1223
1223
1224
1224
1225
1225
1225
1231
1233
1236
1238
1240
1245
1249
1249
1250
1251
1253
1253
1253
1254
1254
1255
1256
1257
1259
1259
1259
1263
1264
1267
1277
1277
1277
1279
1280
1281
1281
1282
1284
1285
1285
1286
1289
1290
1292
1294
1296
1296
1297
1298
1299
1299
1300
1301
1302
1302
1306
1307
1307
1308
1309
1309
1314
1316
1317
1318
1320
1322
1323
1324
1326
1327
1329
1331
1331
1331
1332
1333
1335
1336
1339
1341
1342
1344
1345
1352
1352
1352
1352
1354
1355
1359
1360
1362
1363
1363
1364
1368
1370
1372
1372
1374
1376
1376
1377
1377
1378
1379
1379
1380
1381
1381
1381
1381
1382
1382
1383
1383
1386
1386
1387
1388
1390
1399
1400
1402
1403
1403
1404
1404
1405
1406
1407
1408
1408
1409
1409
1409
1415
1416
1418
1420
1420
1422
1423
1424
1425
1426
1426
1428
1428
1431
1432
1433
1436
1437
1437
1441
1442
1443
1444
1445
1446
1447
1449
1452
1455
1455
1456
1457
1457
1458
1460
1461
1461
1464
1465
1465
1466
1466
1466
1466
1467
1468
1473
1474
1474
1476
1482
1482
1483
1483
1484
1485
1487
1487
1489
1491
1491
1492
1492
1492
1493
1494
1494
1494
1495
1495
1497
1498
1499
1499
1501
1501
1502
1503
1506
1507
1507
1507
1511
1513
1513
1514
1515
1517
1517
1519
1521
1525
1529
1532
1534
1535
1536
1539
1540
1542
1550
1552
1552
1554
1559
1559
1561
1561
1570
1571
1573
1576
1576
1581
1581
1581
1584
1586
1588
1588
1593
1594
1594
1595
1595
1595
1596
1596
1597
1598
1598
1599
1601
1601
1601
1602
1602
1604
1604
1606
1606
1613
1614
1617
1621
1622
1622
1622
1623
1624
1629
1629
1631
1632
1632
1633
1634
1636
1637
1638
1644
1646
1647
1649
1650
1656
1656
1657
1657
1658
1659
1659
1662
1663
1663
1666
1667
1667
1670
1671
1671
1672
1674
1674
1677
1678
1680
1680
1681
1681
1682
1684
1685
1687
1688
1693
1693
1695
1698
1698
1700
1700
1701
1701
1711
1712
1713
1715
1716
1717
1717
1717
1721
1722
1723
1724
1725
1726
1726
1726
1727
1727
1728
1728
1729
1730
1731
1731
1732
1733
1734
1735
1735
1736
1737
1738
1738
1739
1741
1743
1744
1746
1751
1751
1754
1755
1755
1756
1760
1761
1761
1764
1765
1765
1765
1766
1767
1767
1768
1768
1770
1771
1773
1776
1776
1778
1779
1780
1781
1781
1781
1782
1784
1784
1785
1788
1791
1796
1796
1798
1799
1800
1801
1801
1803
1803
1804
1806
1807
1807
1809
1813
1815
1816
1819
1822
1823
1824
1826
1828
1830
1831
1831
1834
1838
1839
1839
1840
1843
1845
1845
1845
1846
1847
1848
1849
1851
1852
1852
1854
1855
1856
1857
1858
1859
1861
1861
1862
1862
1863
1863
1863
1864
1864
1864
1866
1866
1867
1872
1874
1879
1881
1882
1885
1888
1894
1895
1896
1897
1897
1898
1899
1901
1902
1903
1903
1906
1908
1909
1910
1910
1913
1915
1916
1918
1918
1921
1923
1923
1923
1927
1927
1927
1928
1929
1931
1933
1935
1937
1941
1945
1947
1947
1947
1949
1950
1952
1955
1956
1957
1958
1959
1961
1961
1961
1966
1966
1967
1967
1967
1968
1968
1969
1973
1980
1980
1982
1983
1985
1985
1985
1986
1987
1987
1988
1988
1992
1993
1994
1996
1998
1998
1998
1999
1999
2000
2003
2004
2005
2005
2006
2009
2010
2013
2013
2015
2015
2015
2020
2021
2022
2023
2023
2023
2025
2027
2027
2028
2029
2029
2029
2030
2032
2032
2032
2032
2035
2037
2037
2038
2040
2043
2043
2046
2046
2047
2054
2054
2056
2056
2056
2057
2057
2058
2058
2060
2060
2061
2061
2061
2063
2065
2066
2067
2070
2072
2073
2073
2075
2076
2078
2080
2080
2081
2082
2083
2084
2085
2086
2088
2088
2090
2092
2092
2093
2094
2096
2096
2096
2103
2105
2106
2107
2107
2109
2114
2114
2114
2120
2130
2130
2132
2133
2135
2136
2139
2140
2140
2141
2145
2146
2147
2147
2150
2152
2153
2156
2158
2161
2161
2162
2163
2164
2166
2171
2172
2173
2174
2176
2176
2179
2182
2184
2190
2192
2193
2194
2197
2200
2201
2206
2207
2208
2209
2210
2210
2212
2213
2219
2223
2224
2225
2227
2233
2235
2237
2239
2239
2240
2241
2241
2242
2243
2243
2244
2244
2244
2244
2249
2249
2254
2255
2255
2256
2259
2259
2260
2262
2263
2264
2267
2268
2269
2269
2270
2270
2271
2271
2271
2272
2273
2274
2274
2277
2277
2278
2281
2283
2283
2284
2286
2287
2287
2291
2292
2295
2296
2302
2302
2304
2305
2308
2308
2309
2312
2313
2314
2314
2315
2315
2316
2316
2317
2318
2319
2319
2321
2321
2323
2326
2328
2329
2329
2333
2335
2337
2337
2339
2339
2340
2342
2343
2343
2344
2345
2348
2352
2354
2358
2359
2360
2360
2362
2362
2363
2369
2370
2370
2372
2376
2377
2380
2381
2385
2385
2385
2387
2387
2391
2397
2398
2398
2400
2400
2402
2402
2407
2407
2408
2409
2413
2415
2419
2420
2421
2421
2421
2422
2422
2423
2427
2432
2433
2433
2438
2443
2444
2444
2445
2445
2445
2451
2456
2458
2458
2459
2460
2460
2461
2462
2462
2462
2463
2464
2465
2466
2467
2468
2468
2470
2471
2474
2475
2476
2476
2484
2485
2488
2490
2495
2496
2498
2502
2508
2511
2513
2514
2515
2521
2521
2523
2524
2527
2527
2528
2533
2535
2538
2540
2543
2544
2545
2545
2549
2550
2551
2554
2555
2556
2558
2559
2559
2560
2562
2563
2564
2564
2564
2567
2568
2571
2571
2572
2575
2575
2578
2578
2579
2579
2580
2581
2582
2584
2588
2589
2589
2593
2593
2593
2595
2596
2601
2601
2601
2603
2603
2604
2604
2604
2605
2606
2607
2608
2608
2609
2612
2613
2614
2615
2616
2616
2619
2620
2622
2623
2624
2627
2628
2630
2630
2630
2630
2634
2634
2634
2635
2640
2640
2641
2642
2643
2644
2645
2645
2646
2651
2651
2651
2654
2655
2655
2656
2657
2657
2660
2662
2662
2664
2665
2665
2670
2671
2672
2672
2678
2679
2679
2680
2683
2683
2685
2687
2687
2688
2688
2691
2692
2694
2695
2697
2698
2698
2700
2703
2703
2704
2707
2707
2707
2709
2710
2710
2710
2712
2713
2714
2716
2720
2720
2721
2721
2722
2723
2724
2726
2726
2727
2727
2727
2727
2728
2729
2734
2736
2736
2737
2737
2739
2739
2740
2742
2742
2746
2746
2749
2749
2749
2750
2751
2753
2755
2758
2764
2764
2764
2769
2770
2770
2771
2772
2772
2775
2776
2779
2785
2785
2787
2789
2792
2792
2793
2796
2797
2798
2798
2799
2801
2801
2802
2803
2805
2807
2807
2807
2810
2812
2814
2815
2820
2823
2825
2827
2827
2828
2829
2829
2830
2834
2835
2838
2840
2844
2844
2849
2849
2850
2850
2851
2853
2854
2855
2856
2857
2857
2860
2861
2865
2866
2871
2871
2872
2873
2874
2876
2877
2877
2878
2879
2883
2884
2884
2885
2886
2886
2887
2891
2892
2894
2894
2898
2900
2901
2904
2905
2911
2912
2913
2913
2914
2915
2915
2916
2918
2918
2921
2921
2922
2922
2925
2933
2935
2937
2938
2939
2942
2948
2951
2951
2953
2956
2956
2957
2958
2959
2960
2961
2962
2964
2965
2970
2971
2972
2974
2980
2982
2983
2983
2987
2987
2990
2991
2994
2994
2997
2999
3000
3001
3001
3008
3008
3011
3013
3014
3015
3016
3016
3018
3018
3018
3022
3022
3023
3023
3024
3024
3024
3025
3025
3029
3030
3030
3030
3031
3031
3033
3033
3034
3036
3038
3039
3039
3040
3040
3041
3045
3046
3046
3049
3053
3054
3055
3055
3056
3056
3057
3057
3065
3068
3068
3069
3070
3071
3074
3074
3077
3078
3080
3081
3082
3083
3084
3087
3090
3092
3093
3094
3094
3096
3103
3104
3109
3112
3113
3114
3122
3122
3124
3127
3128
3132
3134
3136
3141
3143
3152
3156
3158
3160
3160
3162
3163
3163
3166
3168
3172
3174
3176
3176
3176
3176
3177
3177
3180
3182
3183
3183
3189
3189
3190
3193
3194
3198
3202
3207
3210
3212
3214
3215
3219
3219
3221
3230
3232
3233
3236
3237
3238
3238
3243
3244
3245
3247
3249
3250
3251
3253
3254
3256
3261
3262
3264
3265
3266
3266
3269
3270
3271
3273
3275
3276
3278
3282
3283
3284
3287
3288
3290
3295
3298
3299
3300
3308
3308
3315
3316
3318
3318
3319
3319
3319
3321
3322
3322
3326
3328
3329
3336
3337
3339
3342
3344
3344
3345
3348
3348
3350
3350
3352
3353
3359
3360
3361
3362
3365
3368
3370
3372
3373
3376
3377
3380
3381
3386
3390
3390
3394
3395
3395
3397
3397
3397
3399
3401
3404
3406
3407
3409
3410
3410
3411
3411
3415
3417
3424
3432
3434
3434
3434
3435
3441
3441
3444
3447
3448
3450
3451
3451
3454
3462
3466
3466
3467
3467
3473
3474
3475
3477
3481
3481
3482
3483
3483
3484
3486
3486
3487
3488
3490
3497
3497
3504
3505
3508
3509
3510
3511
3515
3521
3525
3529
3531
3534
3534
3535
3537
3538
3538
3539
3546
3548
3549
3549
3552
3553
3555
3558
3559
3560
3562
3562
3564
3565
3570
3570
3573
3573
3574
3575
3577
3581
3584
3584
3586
3596
3596
3596
3601
3601
3601
3601
3606
3606
3608
3611
3611
3613
3616
3618
3622
3624
3625
3627
3632
3633
3635
3637
3640
3640
3641
3641
3644
3645
3647
3653
3653
3656
3657
3657
3657
3657
3659
3661
3662
3662
3663
3667
3667
3668
3668
3672
3672
3674
3675
3676
3678
3678
3681
3682
3683
3684
3685
3686
3690
3693
3695
3698
3699
3701
3705
3706
3707
3707
3709
3713
3713
3714
3716
3717
3717
3717
3718
3721
3722
3722
3722
3723
3724
3727
3730
3730
3733
3734
3734
3736
3736
3736
3736
3743
3744
3746
3754
3755
3757
3758
3758
3761
3765
3765
3766
3766
3767
3769
3770
3774
3776
3778
3779
3782
3782
3787
3787
3791
3792
3795
3797
3801
3804
3804
3805
3805
3806
3807
3807
3808
3810
3811
3814
3815
3815
3816
3816
3822
3822
3825
3826
3827
3829
3831
3832
3835
3836
3842
3843
3847
3848
3848
3860
3863
3868
3871
3872
3873
3874
3875
3879
3883
3884
3885
3885
3885
3887
3888
3889
3892
3897
3901
3905
3911
3912
3912
3912
3913
3914
3915
3916
3920
3922
3924
3926
3926
3928
3929
3929
3931
3934
3935
3938
3939
3941
3947
3955
3957
3959
3961
3970
3974
3978
3978
3978
3982
3982
3982
3984
3986
3990
3994
3995
3995
3996
3996
3998
4000
4002
4004
4007
4008
4008
4010
4010
4012
4014
4015
4019
4030
4032
4032
4041
4043
4044
4050
4052
4058
4063
4066
4068
4068
4069
4069
4070
4081
4087
4088
4088
4089
4092
4100
4110
4111
4111
4113
4116
4119
4119
4120
4125
4125
4125
4126
4127
4127
4129
4131
4133
4134
4135
4136
4138
4138
4138
4146
4150
4151
4155
4156
4160
4165
4166
4166
4168
4172
4174
4175
4176
4176
4177
4177
4181
4182
4182
4183
4188
4190
4194
4195
4196
4199
4205
4209
4210
4210
4213
4215
4216
4219
4220
4226
4226
4228
4236
4239
4242
4245
4250
4257
4258
4263
4268
4268
4272
4273
4276
4281
4283
4283
4283
4285
4297
4297
4300
4306
4307
4309
4314
4317
4320
4320
4321
4322
4323
4326
4328
4330
4332
4334
4339
4339
4352
4354
4354
4360
4363
4368
4370
4372
4380
4385
4387
4388
4389
4391
4396
4399
4401
4403
4405
4408
4409
4410
4412
4414
4415
4415
4417
4420
4429
4429
4429
4436
4438
4438
4439
4440
4441
4444
4449
4452
4454
4456
4456
4458
4464
4464
4466
4480
4480
4481
4482
4483
4487
4491
4491
4492
4493
4497
4499
4500
4504
4506
4506
4508
4510
4511
4512
4512
4514
4518
4518
4525
4525
4527
4527
4530
4531
4535
4536
4540
4541
4541
4548
4551
4552
4553
4555
4557
4558
4559
4564
4565
4566
4568
4576
4578
4581
4586
4593
4594
4599
4609
4611
4616
4617
4621
4624
4629
4629
4634
4642
4646
4648
4652
4653
4657
4658
4659
4661
4662
4663
4663
4664
4671
4673
4673
4673
4675
4677
4678
4686
4687
4693
4697
4700
4701
4703
4703
4708
4708
4709
4714
4716
4716
4723
4725
4728
4728
4728
4731
4732
4734
4736
4737
4743
4744
4749
4750
4753
4754
4754
4757
4759
4762
4765
4766
4767
4773
4773
4776
4777
4777
4778
4783
4787
4787
4789
4790
4794
4800
4801
4801
4803
4804
4805
4805
4808
4808
4810
4811
4815
4820
4826
4828
4831
4838
4842
4844
4844
4847
4856
4858
4859
4869
4869
4871
4872
4876
4882
4886
4886
4895
4898
4899
4899
4900
4900
4900
4908
4912
4915
4916
4919
4920
4922
4923
4924
4925
4931
4936
4936
4939
4939
4940
4942
4944
4949
4954
4958
4960
4964
4968
4968
4970
4974
4974
4979
4983
4987
4987
4993
4994
4995
4997
5014
5016
5018
5019
5021
5023
5025
5028
5031
5035
5038
5053
5053
5056
5061
5063
5067
5069
5070
5072
5072
5075
5077
5079
5081
5082
5083
5085
5087
5087
5089
5090
5092
5093
5095
5096
5103
5107
5108
5108
5111
5112
5112
5113
5114
5115
5119
5120
5124
5127
5129
5131
5136
5136
5137
5138
5139
5141
5143
5151
5155
5155
5155
5156
5158
5169
5175
5181
5183
5183
5188
5189
5193
5200
5202
5202
5205
5206
5208
5213
5217
5217
5217
5221
5227
5230
5237
5243
5243
5248
5248
5249
5275
5276
5277
5278
5280
5282
5292
5296
5300
5303
5310
5310
5312
5312
5314
5319
5320
5324
5325
5329
5337
5338
5339
5346
5352
5355
5357
5358
5360
5371
5375
5379
5389
5390
5399
5399
5400
5407
5419
5424
5425
5428
5435
5436
5437
5448
5450
5450
5451
5451
5452
5453
5456
5460
5471
5472
5474
5475
5477
5477
5479
5483
5484
5486
5493
5495
5497
5500
5504
5508
5509
5521
5526
5527
5527
5530
5535
5547
5557
5558
5562
5563
5567
5572
5576
5577
5586
5586
5587
5587
5589
5592
5592
5596
5605
5606
5606
5609
5612
5617
5619
5620
5624
5627
5627
5628
5636
5640
5641
5646
5646
5652
5655
5659
5660
5661
5666
5666
5669
5674
5682
5683
5684
5684
5687
5697
5699
5699
5703
5715
5716
5718
5718
5721
5724
5724
5725
5726
5731
5739
5756
5761
5761
5767
5770
5776
5777
5778
5782
5782
5788
5797
5800
5803
5813
5814
5815
5816
5817
5821
5824
5828
5834
5837
5840
5843
5846
5851
5852
5863
5863
5866
5867
5872
5874
5879
5881
5885
5887
5890
5893
5895
5896
5897
5906
5910
5913
5913
5914
5922
5925
5930
5931
5945
5949
5956
5959
5971
5972
5977
5978
5980
5986
5987
5988
5995
5998
5998
6005
6006
6009
6010
6019
6021
6022
6029
6029
6029
6032
6033
6036
6042
6043
6043
6047
6047
6048
6050
6053
6053
6057
6059
6061
6065
6068
6071
6076
6079
6080
6090
6101
6106
6106
6107
6108
6108
6109
6113
6114
6116
6123
6124
6124
6126
6130
6131
6138
6139
6152
6155
6172
6174
6184
6185
6187
6196
6200
6203
6216
6218
6219
6226
6227
6232
6232
6234
6238
6238
6245
6246
6250
6253
6255
6256
6257
6259
6260
6265
6266
6268
6273
6273
6274
6275
6279
6280
6282
6282
6284
6285
6292
6294
6303
6305
6306
6309
6310
6313
6321
6331
6335
6336
6342
6342
6344
6345
6345
6346
6351
6352
6354
6356
6361
6362
6364
6366
6367
6367
6367
6367
6371
6371
6371
6373
6379
6385
6387
6388
6391
6391
6393
6393
6394
6400
6405
6410
6424
6427
6430
6431
6433
6435
6435
6436
6440
6440
6442
6443
6445
6449
6450
6454
6457
6459
6460
6465
6466
6470
6471
6478
6481
6484
6485
6489
6494
6496
6498
6500
6504
6507
6510
6512
6515
6518
6520
6536
6539
6542
6543
6543
6545
6548
6555
6556
6562
6566
6568
6572
6576
6577
6583
6585
6587
6588
6590
6590
6592
6592
6597
6598
6599
6600
6600
6602
6602
6606
6609
6627
6632
6642
6651
6654
6661
6661
6661
6668
6673
6680
6682
6682
6685
6685
6685
6688
6688
6691
6693
6694
6695
6698
6702
6704
6707
6710
6716
6717
6720
6723
6727
6730
6730
6731
6731
6733
6733
6743
6744
6753
6757
6759
6765
6766
6767
6768
6770
6774
6779
6781
6781
6782
6784
6789
6790
6791
6795
6795
6796
6798
6800
6803
6809
6817
6825
6831
6841
6845
6848
6852
6855
6857
6860
6860
6861
6861
6862
6864
6875
6878
6885
6889
6892
6896
6900
6902
6904
6907
6908
6909
6916
6916
6917
6920
6924
6927
6928
6936
6938
6939
6942
6943
6945
6945
6948
6949
6949
6951
6952
6954
6959
6967
6975
6978
6978
6980
6987
6990
6996
7004
7012
7012
7014
7032
7035
7036
7039
7042
7044
7051
7058
7067
7067
7072
7074
7075
7076
7091
7093
7093
7109
7109
7110
7110
7112
7113
7113
7118
7120
7121
7122
7128
7131
7132
7133
7137
7139
7147
7151
7154
7156
7159
7160
7160
7162
7168
7170
7172
7173
7176
7176
7178
7181
7181
7183
7183
7188
7189
7191
7191
7192
7194
7202
7202
7204
7211
7213
7215
7218
7219
7221
7224
7226
7227
7237
7238
7239
7241
7242
7245
7249
7251
7256
7259
7259
7266
7271
7273
7273
7276
7278
7283
7288
7293
7294
7295
7297
7301
7305
7307
7307
7309
7311
7311
7320
7320
7328
7334
7336
7337
7338
7345
7348
7354
7354
7365
7367
7368
7373
7377
7377
7380
7381
7382
7384
7385
7385
7388
7388
7393
7395
7396
7403
7404
7407
7408
7409
7410
7416
7419
7423
7425
7428
7433
7434
7434
7437
7440
7442
7445
7448
7450
7457
7467
7468
7475
7476
7478
7481
7481
7494
7496
7496
7498
7499
7500
7501
7505
7506
7507
7509
7509
7511
7514
7520
7521
7524
7527
7530
7534
7539
7541
7544
7557
7561
7567
7567
7567
7569
7570
7571
7573
7575
7578
7584
7587
7589
7599
7601
7612
7618
7620
7620
7622
7626
7627
7627
7629
7638
7640
7645
7645
7649
7649
7651
7652
7663
7664
7667
7672
7675
7677
7678
7679
7679
7681
7684
7686
7687
7689
7691
7695
7695
7696
7697
7697
7706
7707
7707
7713
7714
7717
7717
7718
7719
7720
7721
7723
7725
7726
7727
7728
7728
7731
7731
7733
7740
7742
7743
7746
7748
7762
7765
7769
7771
7771
7774
7780
7780
7783
7786
7787
7787
7790
7792
7792
7794
7795
7796
7805
7806
7806
7809
7810
7811
7813
7822
7825
7827
7831
7832
7837
7838
7839
7845
7853
7856
7869
7873
7875
7876
7876
7882
7887
7887
7890
7895
7897
7903
7903
7910
7912
7913
7914
7928
7929
7930
7931
7938
7939
7944
7948
7954
7955
7957
7979
7984
7986
7990
7994
7996
7996
7999
7999
8004
8006
8009
8011
8012
8012
8024
8026
8032
8037
8040
8040
8040
8040
8047
8049
8051
8052
8054
8058
8069
8073
8079
8083
8083
8086
8096
8097
8101
8106
8120
8123
8123
8123
8126
8127
8131
8135
8138
8144
8147
8153
8158
8158
8162
8168
8171
8173
8176
8177
8184
8185
8185
8187
8191
8194
8195
8198
8198
8199
8200
8202
8203
8209
8210
8213
8213
8216
8221
8228
8243
8244
8245
8250
8258
8265
8272
8278
8279
8286
8286
8299
8302
8303
8311
8320
8321
8323
8324
8325
8333
8340
8343
8347
8348
8350
8350
8355
8356
8370
8372
8378
8378
8390
8390
8392
8394
8396
8400
8401
8401
8402
8412
8414
8416
8417
8419
8421
8422
8423
8423
8426
8427
8428
8430
8431
8439
8439
8446
8454
8457
8458
8458
8464
8473
8474
8474
8476
8482
8488
8491
8495
8495
8495
8496
8496
8497
8497
8500
8509
8511
8518
8518
8522
8523
8523
8535
8535
8538
8542
8546
8548
8550
8555
8556
8556
8559
8563
8566
8572
8574
8582
8582
8585
8586
8588
8589
8593
8602
8603
8604
8611
8611
8612
8612
8617
8620
8621
8621
8627
8627
8629
8633
8639
8640
8651
8653
8654
8663
8677
8679
8689
8698
8706
8708
8719
8720
8721
8727
8728
8737
8743
8747
8749
8761
8762
8766
8768
8768
8769
8773
8786
8790
8795
8799
8810
8812
8813
8815
8818
8820
8822
8822
8827
8830
8832
8832
8835
8837
8843
8845
8849
8850
8851
8854
8865
8867
8870
8888
8890
8890
8891
8895
8900
8903
8903
8913
8913
8914
8916
8933
8934
8937
8938
8941
8945
8947
8948
8951
8959
8960
8962
8966
8967
8969
8972
8973
8980
8981
8982
8989
8990
8993
8995
8998
9000
9002
9004
9007
9008
9010
9016
9023
9025
9028
9031
9034
9036
9037
9040
9043
9046
9046
9048
9048
9055
9057
9057
9065
9065
9071
9071
9073
9077
9078
9079
9084
9099
9113
9114
9114
9119
9122
9124
9128
9132
9139
9141
9151
9152
9156
9156
9159
9159
9162
9163
9168
9169
9173
9176
9177
9179
9180
9181
9186
9199
9202
9202
9203
9206
9218
9219
9220
9223
9226
9232
9235
9235
9239
9246
9247
9253
9258
9259
9259
9260
9265
9266
9268
9273
9276
9277
9280
9285
9289
9299
9305
9308
9309
9315
9316
9317
9325
9329
9332
9336
9339
9339
9349
9350
9351
9352
9354
9357
9367
9369
9377
9385
9385
9388
9389
9395
9398
9404
9408
9413
9420
9425
9429
9435
9441
9447
9451
9451
9452
9454
9456
9473
9473
9476
9487
9487
9499
9503
9506
9514
9515
9518
9521
9522
9523
9530
9531
9534
9537
9538
9538
9542
9545
9546
9553
9554
9559
9561
9570
9572
9573
9574
9576
9581
9585
9598
9600
9604
9606
9608
9609
9609
9609
9610
9611
9614
9629
9630
9630
9640
9643
9643
9644
9649
9650
9661
9675
9678
9680
9682
9685
9686
9690
9690
9707
9715
9720
9726
9727
9731
9732
9734
9748
9751
9752
9754
9757
9762
9764
9766
9771
9771
9772
9773
9776
9787
9790
9792
9793
9793
9803
9805
9811
9813
9813
9817
9826
9827
9828
9830
9833
9833
9836
9836
9837
9841
9853
9855
9864
9868
9870
9875
9880
9885
9886
9886
9888
9895
9896
9904
9916
9923
9927
9935
9936
9937
9942
9945
9949
9949
9950
9952
9955
9957
9958
9961
9962
9963
9966
9985
10000
10002
10004
10004
10009
10013
10024
10026
10028
10029
10037
10037
10040
10048
10051
10055
10055
10056
10062
10063
10067
10068
10073
10076
10083
10087
10093
10109
10109
10113
10116
10123
10127
10132
10134
10139
10142
10144
10148
10148
10151
10160
10168
10169
10170
10178
10180
10181
10186
10191
10191
10193
10194
10201
10201
10201
10202
10217
10218
10227
10234
10234
10235
10236
10243
10270
10270
10275
10277
10277
10303
10306
10309
10311
10321
10323
10335
10338
10341
10341
10351
10353
10354
10354
10357
10361
10368
10370
10375
10378
10379
10385
10390
10392
10393
10398
10399
10405
10406
10411
10415
10416
10418
10419
10420
10428
10429
10431
10433
10434
10438
10443
10449
10457
10463
10466
10470
10472
10475
10475
10478
10480
10480
10498
10505
10507
10507
10510
10511
10519
10521
10522
10526
10529
10529
10530
10531
10533
10536
10541
10542
10545
10549
10555
10555
10556
10557
10557
10578
10588
10590
10591
10597
10599
10600
10604
10604
10613
10619
10633
10644
10647
10652
10655
10656
10658
10659
10666
10671
10672
10672
10672
10674
10676
10677
10680
10685
10690
10690
10699
10703
10704
10719
10720
10724
10726
10731
10738
10742
10748
10753
10758
10761
10770
10778
10786
10790
10798
10801
10802
10803
10804
10807
10809
10809
10817
10818
10827
10836
10837
10848
10850
10862
10865
10869
10871
10875
10877
10880
10880
10882
10883
10888
10890
10890
10891
10904
10906
10908
10913
10916
10930
10931
10934
10935
10938
10941
10942
10947
10950
10950
10952
10961
10963
10963
10964
10964
10964
10981
10984
10986
10995
10995
11001
11002
11003
11006
11006
11008
11013
11020
11021
11022
11022
11024
11025
11026
11026
11030
11032
11035
11043
11044
11046
11046
11046
11049
11055
11061
11062
11070
11070
11070
11072
11075
11077
11084
11090
11108
11114
11123
11132
11134
11136
11137
11155
11156
11159
11162
11162
11174
11175
11182
11186
11190
11191
11201
11207
11209
11219
11229
11236
11237
11238
11250
11252
11254
11258
11263
11271
11275
11280
11286
11299
11302
11306
11316
11319
11328
11332
11335
11337
11340
11340
11348
11358
11359
11363
11366
11366
11372
11373
11385
11385
11391
11394
11397
11401
11405
11411
11416
11419
11419
11427
11431
11442
11445
11452
11460
11461
11464
11467
11473
11474
11483
11484
11484
11490
11493
11502
11517
11518
11521
11525
11532
11533
11541
11548
11550
11550
11554
11555
11556
11567
11568
11574
11578
11578
11579
11580
11589
11593
11598
11601
11603
11606
11607
11609
11611
11611
11617
11624
11625
11629
11631
11638
11641
11643
11651
11656
11663
11678
11679
11684
11687
11688
11690
11693
11701
11702
11702
11707
11710
11714
11715
11718
11731
11731
11731
11733
11735
11741
11746
11755
11759
11760
11763
11765
11769
11781
11784
11786
11788
11789
11791
11793
11799
11810
11811
11813
11819
11820
11820
11832
11833
11842
11843
11843
11846
11850
11851
11851
11851
11855
11859
11868
11875
11877
11884
11895
11903
11904
11909
11910
11913
11914
11915
11916
11918
11923
11928
11930
11930
11933
11946
11946
11947
11949
11958
11959
11966
11968
11973
11975
11986
11990
11993
11994
11994
11998
12003
12007
12016
12020
12023
12024
12024
12029
12037
12039
12041
12044
12044
12044
12048
12050
12063
12063
12078
12084
12089
12103
12113
12120
12133
12136
12160
12161
12163
12167
12169
12170
12178
12179
12182
12184
12200
12202
12207
12211
12213
12226
12242
12246
12258
12265
12280
12282
12282
12284
12288
12292
12296
12297
12301
12302
12303
12304
12304
12311
12312
12317
12325
12330
12331
12335
12336
12348
12352
12355
12358
12360
12365
12371
12373
12376
12381
12381
12384
12385
12389
12396
12402
12404
12406
12410
12410
12415
12421
12423
12425
12426
12427
12432
12435
12437
12443
12445
12450
12459
12460
12461
12462
12462
12469
12471
12483
12484
12515
12518
12523
12523
12528
12533
12537
12562
12568
12570
12573
12573
12577
12578
12579
12582
12583
12602
12602
12610
12611
12616
12633
12636
12642
12645
12649
12652
12661
12671
12672
12680
12681
12689
12691
12692
12695
12697
12698
12699
12709
12712
12713
12714
12718
12724
12725
12734
12746
12748
12751
12752
12758
12761
12766
12767
12781
12784
12790
12793
12795
12801
12810
12817
12819
12824
12826
12828
12828
12828
12832
12838
12848
12849
12851
12851
12865
12870
12896
12897
12903
12904
12916
12918
12925
12926
12928
12929
12930
12932
12938
12945
12946
12949
12959
12963
12965
12966
12974
12979
12981
12986
12988
12993
12993
12996
12999
13005
13011
13020
13022
13023
13028
13034
13035
13038
13039
13042
13047
13048
13054
13057
13071
13072
13078
13085
13087
13096
13104
13108
13111
13111
13126
13128
13150
13156
13157
13157
13159
13165
13177
13183
13187
13189
13192
13193
13198
13204
13225
13228
13231
13232
13233
13234
13237
13237
13237
13242
13250
13255
13255
13269
13271
13278
13282
13288
13299
13302
13303
13305
13308
13315
13318
13329
13330
13330
13332
13334
13335
13335
13340
13341
13344
13348
13349
13355
13362
13366
13371
13393
13399
13414
13416
13422
13434
13450
13471
13478
13480
13481
13499
13499
13503
13505
13510
13513
13517
13522
13523
13526
13528
13532
13539
13567
13582
13582
13583
13590
13594
13604
13605
13605
13620
13626
13626
13630
13637
13639
13649
13652
13665
13670
13673
13679
13687
13708
13709
13710
13713
13721
13728
13729
13740
13742
13744
13751
13752
13753
13754
13765
13777
13777
13778
13785
13789
13793
13793
13794
13794
13797
13803
13807
13808
13809
13813
13823
13837
13839
13840
13858
13864
13867
13867
13876
13876
13888
13894
13897
13907
13908
13909
13918
13920
13922
13926
13926
13947
13957
13957
13958
13958
13967
13969
13994
14004
14006
14006
14007
14010
14014
14025
14042
14044
14047
14049
14053
14059
14061
14063
14064
14066
14067
14071
14072
14076
14081
14082
14089
14098
14101
14110
14116
14117
14121
14126
14131
14135
14148
14150
14157
14174
14190
14203
14206
14212
14218
14218
14220
14222
14224
14227
14230
14231
14237
14238
14240
14241
14250
14252
14255
14256
14266
14267
14274
14275
14277
14277
14288
14300
14302
14303
14305
14309
14314
14314
14322
14327
14336
14343
14358
14359
14367
14368
14379
14381
14421
14429
14432
14437
14446
14449
14457
14477
14485
14494
14494
14495
14497
14499
14503
14515
14516
14519
14533
14547
14549
14549
14550
14552
14558
14571
14575
14584
14584
14585
14587
14591
14593
14593
14603
14607
14609
14613
14620
14621
14634
14634
14639
14639
14643
14659
14669
14671
14672
14678
14679
14682
14686
14686
14698
14699
14708
14714
14724
14733
14740
14755
14772
14775
14776
14778
14784
14793
14799
14804
14805
14811
14826
14827
14829
14833
14839
14840
14856
14861
14862
14862
14863
14876
14894
14896
14907
14913
14922
14927
14928
14941
14944
14945
14946
14950
14956
14984
14985
14987
14988
14989
14989
14990
14991
14992
14999
15001
15002
15005
15009
15011
15030
15035
15035
15036
15036
15042
15046
15061
15065
15067
15068
15070
15083
15086
15086
15087
15088
15094
15095
15102
15108
15117
15118
15119
15123
15133
15138
15139
15149
15155
15165
15167
15169
15170
15172
15176
15178
15180
15182
15184
15186
15198
15198
15219
15219
15220
15231
15245
15245
15254
15272
15276
15284
15289
15289
15290
15292
15292
15294
15297
15310
15310
15316
15318
15323
15326
15327
15333
15333
15336
15337
15352
15352
15352
15356
15357
15361
15362
15364
15371
15377
15393
15400
15405
15430
15430
15445
15458
15461
15462
15463
15464
15484
15493
15493
15506
15509
15515
15529
15530
15532
15543
15546
15548
15574
15585
15589
15592
15596
15598
15603
15637
15643
15647
15656
15671
15695
15706
15707
15714
15718
15723
15737
15737
15738
15739
15746
15751
15753
15760
15761
15770
15772
15797
15801
15803
15811
15814
15826
15833
15839
15840
15847
15849
15857
15858
15865
15867
15872
15872
15882
15885
15893
15893
15900
15903
15903
15905
15913
15915
15918
15927
15932
15939
15956
15959
15960
15961
15965
15965
15978
15982
16000
16013
16021
16031
16032
16033
16041
16043
16052
16055
16060
16064
16066
16069
16072
16074
16076
16082
16089
16092
16097
16110
16110
16118
16123
16125
16126
16144
16155
16156
16166
16176
16178
16179
16189
16190
16202
16214
16215
16216
16242
16250
16252
16252
16259
16261
16265
16273
16279
16288
16295
16306
16319
16324
16324
16331
16340
16344
16347
16354
16355
16370
16373
16388
16389
16394
16395
16407
16412
16421
16424
16428
16430
16443
16446
16451
16472
16482
16484
16485
16486
16499
16511
16516
16517
16518
16522
16523
16525
16534
16535
16543
16567
16573
16586
16587
16588
16590
16594
16610
16612
16645
16649
16651
16656
16660
16662
16675
16675
16682
16682
16682
16682
16687
16690
16697
16698
16720
16721
16725
16729
16733
16738
16743
16749
16752
16756
16762
16762
16768
16773
16788
16789
16789
16791
16799
16807
16814
16815
16830
16832
16836
16838
16875
16875
16875
16880
16880
16881
16886
16887
16887
16893
16903
16904
16911
16924
16938
16945
16955
16963
16968
16972
16976
16976
16993
16997
16998
17009
17010
17026
17027
17027
17040
17069
17076
17085
17107
17108
17109
17125
17140
17150
17159
17161
17168
17169
17192
17200
17204
17204
17205
17213
17214
17217
17223
17242
17249
17251
17257
17259
17263
17265
17266
17274
17277
17284
17288
17288
17301
17310
17316
17328
17333
17353
17355
17361
17365
17369
17372
17378
17386
17391
17396
17401
17403
17407
17417
17420
17428
17431
17432
17437
17440
17447
17466
17468
17474
17476
17482
17485
17496
17497
17499
17508
17509
17511
17524
17537
17541
17545
17546
17557
17562
17566
17573
17578
17578
17584
17605
17609
17620
17628
17635
17636
17644
17647
17647
17647
17650
17652
17660
17662
17662
17667
17669
17673
17676
17681
17694
17701
17703
17708
17730
17738
17754
17755
17765
17770
17771
17799
17800
17800
17803
17815
17828
17828
17829
17837
17844
17854
17857
17867
17868
17879
17881
17890
17896
17919
17927
17931
17942
17949
17956
17962
17963
17983
17990
17995
18003
18021
18030
18046
18046
18061
18062
18087
18117
18121
18124
18126
18128
18129
18131
18133
18135
18141
18154
18165
18169
18169
18182
18190
18192
18200
18200
18201
18204
18226
18228
18241
18245
18253
18264
18270
18313
18328
18352
18354
18369
18373
18377
18382
18383
18397
18403
18427
18428
18429
18450
18456
18459
18465
18466
18469
18482
18507
18509
18509
18512
18521
18522
18523
18526
18539
18543
18557
18558
18561
18567
18568
18578
18584
18589
18595
18617
18622
18625
18626
18640
18648
18660
18669
18675
18689
18701
18711
18720
18720
18728
18741
18743
18753
18754
18756
18757
18763
18776
18782
18790
18795
18809
18811
18818
18821
18830
18847
18857
18859
18867
18883
18886
18888
18889
18898
18902
18906
18920
18920
18933
18951
18966
18967
18975
18979
18982
19005
19006
19011
19016
19037
19040
19051
19068
19071
19084
19089
19109
19113
19117
19133
19135
19141
19145
19147
19157
19173
19176
19179
19185
19189
19203
19209
19217
19229
19231
19236
19248
19254
19266
19267
19268
19274
19275
19276
19280
19296
19297
19301
19305
19306
19311
19315
19321
19334
19338
19338
19359
19364
19370
19371
19386
19390
19403
19412
19425
19429
19430
19431
19438
19461
19461
19462
19476
19483
19497
19501
19501
19504
19504
19506
19512
19513
19514
19516
19526
19528
19543
19550
19552
19558
19575
19578
19586
19596
19617
19628
19632
19634
19635
19639
19639
19641
19646
19649
19652
19653
19653
19672
19685
19688
19689
19689
19718
19721
19723
19726
19730
19735
19756
19777
19802
19803
19806
19813
19813
19819
19827
19838
19844
19859
19875
19879
19881
19886
19891
19894
19909
19945
19956
19972
19972
19993
19993
20001
20003
20010
20038
20043
20051
20055
20061
20062
20064
20079
20118
20119
20122
20123
20150
20153
20174
20178
20181
20181
20183
20198
20205
20211
20226
20230
20236
20238
20239
20242
20252
20253
20254
20256
20261
20263
20281
20284
20289
20303
20305
20313
20313
20321
20345
20366
20378
20383
20386
20389
20393
20397
20398
20409
20413
20414
20424
20424
20435
20440
20449
20454
20463
20495
20512
20522
20529
20541
20545
20554
20557
20559
20560
20597
20606
20608
20635
20645
20663
20664
20664
20674
20676
20686
20701
20706
20706
20724
20735
20742
20750
20752
20754
20768
20787
20796
20808
20814
20822
20848
20901
20915
20916
20918
20922
20928
20934
20947
20954
20956
20959
20962
20964
20965
20980
20985
20989
21016
21017
21027
21042
21046
21052
21072
21081
21083
21093
21112
21115
21120
21132
21172
21192
21201
21208
21222
21225
21237
21253
21267
21268
21276
21280
21285
21286
21291
21314
21319
21334
21335
21340
21361
21371
21451
21462
21462
21463
21483
21509
21513
21517
21532
21534
21552
21571
21581
21638
21666
21672
21674
21676
21692
21702
21707
21718
21724
21741
21742
21766
21767
21811
21829
21839
21866
21903
21905
21910
21917
21928
21934
21939
21942
21958
21973
21989
21992
21993
22003
22005
22040
22074
22075
22133
22156
22160
22168
22179
22238
22256
22262
22270
22281
22281
22290
22295
22300
22307
22325
22326
22360
22364
22379
22385
22393
22399
22416
22427
22429
22461
22499
22501
22511
22516
22548
22632
22633
22641
22645
22666
22671
22694
22695
22734
22737
22801
22805
22828
22835
22871
22888
22895
22898
22911
22974
23002
23019
23035
23202
23206
23213
23217
23271
23275
23281
23298
23319
23342
23371
23409
23431
23456
23463
23468
23489
23497
23512
23575
23580
23701
23825
23828
23854
23858
23885
23887
23950
23960
23982
23986
24057
24106
24112
24126
24227
24238
24254
24298
24301
24319
24327
24466
24469
24493
24516
24531
24574
24589
24597
24634
24668
24694
24804
24815
24882
24901
24963
24970
24992
25000
25000
25004
25009
25019
25070
25079
25104
25132
25137
25160
25193
25237
25263
25441
25509
25540
25541
25633
25694
25710
25710
25788
25789
25819
25868
25872
25879
25894
25942
26004
26058
26076
26170
26215
26238
26246
26258
26287
26378
26416
26461
26467
26606
26728
26831
26832
26835
26862
26985
27052
27054
27104
27110
27201
27281
27396
27399
27438
27529
27607
27696
27794
27859
27866
28025
28158
28319
28349
28371
28415
28439
28553
28580
28752
28775
28954
29072
29089
29233
29432
29656
29760
29787
29859
30121
30281
30396
30711
30783
30854
31353
31453
31497
31982
31984
32274
32405
32459
32589
32717
32918
33548
33772
34077
34317
34500
34781
34973
35095
35223
35794
35839
36016
36317
36349
36862
37056
39671
39751
40196
